5.328357986093538784e+03
5.344855924387152299e+03
5.376952290669139984e+03
5.406164021759071147e+03
5.425964837843633177e+03
5.457904931127438431e+03
5.476259100842316002e+03
5.487712689949232299e+03
5.494326517381953636e+03
5.495842071692102763e+03
5.497057926182661504e+03
5.509297177225185806e+03
5.532965712901293045e+03
5.556928515438386967e+03
5.591134539315721668e+03
5.615346104954847760e+03
5.642236636032645038e+03
5.644131390178248694e+03
5.653439756738288452e+03
5.658571203661836989e+03
5.658810224628507058e+03
5.659243908722562082e+03
5.298092352409002160e+03
5.314876674375321272e+03
5.327232884803919660e+03
5.365076356289358955e+03
5.400161121521076893e+03
5.415647836537772491e+03
5.443187876139289074e+03
5.477601730827438587e+03
5.485996930267158859e+03
5.486677642188710706e+03
5.491624618045317220e+03
5.502882779271761137e+03
5.525510066652600472e+03
5.547703522204133151e+03
5.580641890889202841e+03
5.600175198926525809e+03
5.624639495497663120e+03
5.641321987993429502e+03
5.654562191371891458e+03
5.655157269251970320e+03
5.661809460683472935e+03
5.661655941733093641e+03
5.261692364683692176e+03
5.276681362959177022e+03
5.301014755512943339e+03
5.318684486603610821e+03
5.347944094028729523e+03
5.383864860679683261e+03
5.414904380952924839e+03
5.443538530979485586e+03
5.469088811107877518e+03
5.473266856552176250e+03
5.477504540125588392e+03
5.487264678604965411e+03
5.507576276873583083e+03
5.519191309036965322e+03
5.535634295986125835e+03
5.564085912985272444e+03
5.592781042807818267e+03
5.627955289909570638e+03
5.632611734877537856e+03
5.651232378145742587e+03
5.659134864985088825e+03
5.659699842577710115e+03
5.249785861210997609e+03
5.260821612669128626e+03
5.275318252086827670e+03
5.299168364502330405e+03
5.329350290215002133e+03
5.366466875325302681e+03
5.387111291122036164e+03
5.393575934292567581e+03
5.421874222150549940e+03
5.429010561840762421e+03
5.432895545745734125e+03
5.438759605191007722e+03
5.455842645279281896e+03
5.455969294823944438e+03
5.483591730210791866e+03
5.518773588979634042e+03
5.551051178545383664e+03
5.552984489594838124e+03
5.616047210196466040e+03
5.637974215807398650e+03
5.648582246243595364e+03
5.651128103103198555e+03
5.236080612728123015e+03
5.245103125687570355e+03
5.255822561251824482e+03
5.277068875982615282e+03
5.318791506004056828e+03
5.356031087545979972e+03
5.375663923345107833e+03
5.384137607808001121e+03
5.389813896112824295e+03
5.391030839552217913e+03
5.393884678216581960e+03
5.397891672646389452e+03
5.404899256739608063e+03
5.413181949834531224e+03
5.446346541657230773e+03
5.469750723691165149e+03
5.478791494362701087e+03
5.509642925195897078e+03
5.560608280074872710e+03
5.614508818410317872e+03
5.628089763184864751e+03
5.633143031241334029e+03
5.220137733630974253e+03
5.228794758507101506e+03
5.239422799846812268e+03
5.262355026581890343e+03
5.311273306473798584e+03
5.351040642304323228e+03
5.371928240101751726e+03
5.378828904061260801e+03
5.379985005255482065e+03
5.386331454867313369e+03
5.391487087304359193e+03
5.387758127294551741e+03
5.392186052164851390e+03
5.398506622015734138e+03
5.412059604623025734e+03
5.439938165074240715e+03
5.443022256151925831e+03
5.471676211718550803e+03
5.527361062515242338e+03
5.570985523494010522e+03
5.599652655810657961e+03
5.618129526384655037e+03
5.196822188119737802e+03
5.218864437730389000e+03
5.230695670688491191e+03
5.261981957846936893e+03
5.304192676495041269e+03
5.344769955720910730e+03
5.373341924056543576e+03
5.389273618536333743e+03
5.389817941515537314e+03
5.396232819160395593e+03
5.400637986407784410e+03
5.398211983696917741e+03
5.405315336574031789e+03
5.411195697242989809e+03
5.418071511704987643e+03
5.432029480373456863e+03
5.428439752380338177e+03
5.454093125399280325e+03
5.482764988184292633e+03
5.574490460279403123e+03
5.590188947792496037e+03
5.597316037460967891e+03
5.197370497051750135e+03
5.209486254872153040e+03
5.230591454345258171e+03
5.264034244001994921e+03
5.308178897242140920e+03
5.352691504816970337e+03
5.379075116642232388e+03
5.397845143682736307e+03
5.406973609749776188e+03
5.414520894744490761e+03
5.419490395274637194e+03
5.422728020038215618e+03
5.426576856509375830e+03
5.428385667953008124e+03
5.427417232834519382e+03
5.433114195562720852e+03
5.426909636611640053e+03
5.446092235795914348e+03
5.494950812710400896e+03
5.565941902964289511e+03
5.580790530637969823e+03
5.587507403593053823e+03
5.196589106322116095e+03
5.211831014376186431e+03
5.240736005914075577e+03
5.276911388105859260e+03
5.316362660188628979e+03
5.361162835622689272e+03
5.389898440507315172e+03
5.407896073917020658e+03
5.423049194600576811e+03
5.431512427565894541e+03
5.436827104171066821e+03
5.440505187439962356e+03
5.440306621526406161e+03
5.438516011269647606e+03
5.429044274671705352e+03
5.430015564352506772e+03
5.427154548698149483e+03
5.427527686255020853e+03
5.496472812792394507e+03
5.557673111348455677e+03
5.572454521246625518e+03
5.579747593191527812e+03
5.208722268788825204e+03
5.229776645069369806e+03
5.264527463334854474e+03
5.301229908496913595e+03
5.337281246672869202e+03
5.368734409308389331e+03
5.395148007883314676e+03
5.423995925690459444e+03
5.445810163430316607e+03
5.455463555788145641e+03
5.453696838973416561e+03
5.455862307515113571e+03
5.452379305050171752e+03
5.434858171108373426e+03
5.424988551976484814e+03
5.427408562361656550e+03
5.415409336531135523e+03
5.417466171958484665e+03
5.453962339872713528e+03
5.523427873797649227e+03
5.539445456898202792e+03
5.551407966003226647e+03
5.213620227983138648e+03
5.234631191309958922e+03
5.266733458600806443e+03
5.304096408951308149e+03
5.342944940280685842e+03
5.377605338902329095e+03
5.411445146548181583e+03
5.445548888932264163e+03
5.472999288659992999e+03
5.481922113584532781e+03
5.474254062171957230e+03
5.470352514971594246e+03
5.464577002587671814e+03
5.436301241217195638e+03
5.429430349853101688e+03
5.428262160550711997e+03
5.409614833932888359e+03
5.408124928824473500e+03
5.451660386894342992e+03
5.490342292146684485e+03
5.524000320205658682e+03
5.542323294209062624e+03
5.219139648354615929e+03
5.239697823589878681e+03
5.268716680556252868e+03
5.308756435028661144e+03
5.354875324413093040e+03
5.398570251350212857e+03
5.434547505197276223e+03
5.477510213737133199e+03
5.501522581350252949e+03
5.509186783914714397e+03
5.500853088582289274e+03
5.488935867883056744e+03
5.483383811118187623e+03
5.471934607704975861e+03
5.456245852135239147e+03
5.448647128990731289e+03
5.399121966246962074e+03
5.406512101580435228e+03
5.467441996496740103e+03
5.495931600401963806e+03
5.523591963823711012e+03
5.553898318364398619e+03
5.222287301387633306e+03
5.245681412419728986e+03
5.278148757152250255e+03
5.327609751880373551e+03
5.385872104459847833e+03
5.430569894145329272e+03
5.465043157635775970e+03
5.495543033774179094e+03
5.524117848044138555e+03
5.532219314324601328e+03
5.534333810759069820e+03
5.523981966036060840e+03
5.516086111654364686e+03
5.508334368318687666e+03
5.502345125297842969e+03
5.479498890178891997e+03
5.442382562523949673e+03
5.428933868709254057e+03
5.458588397666482706e+03
5.514030910411089280e+03
5.553192289969911144e+03
5.620736363557074583e+03
5.165526092031909684e+03
5.207185244703543503e+03
5.299966574205742290e+03
5.363927664093298517e+03
5.424858321742470253e+03
5.459044995949456279e+03
5.485099751043002470e+03
5.507656180668332127e+03
5.533679503446151102e+03
5.558976582513147150e+03
5.564898394172553708e+03
5.556940035774950957e+03
5.551983975727035613e+03
5.556162151981267925e+03
5.555381923917153472e+03
5.531971197005770591e+03
5.494344250652564369e+03
5.472131688174837109e+03
5.500701770490112722e+03
5.558640702388524005e+03
5.634556865928897423e+03
5.662670075273230395e+03
5.135534950925138219e+03
5.191736455283522446e+03
5.326781319444405199e+03
5.397671910715162085e+03
5.449253914871000234e+03
5.475387545360464173e+03
5.498461917915108643e+03
5.522388696994653401e+03
5.555075000146664934e+03
5.585737536124194776e+03
5.591218141280323835e+03
5.591419194504913321e+03
5.598490548700100589e+03
5.630846550457221383e+03
5.629775396984268809e+03
5.584448361693031075e+03
5.570019872259007570e+03
5.576648953055181664e+03
5.582273246718978044e+03
5.617776083159395057e+03
5.677055466114828960e+03
5.702586277745089319e+03
5.121249378235383119e+03
5.196493673102617322e+03
5.296821362791461070e+03
5.415296960826823124e+03
5.455924735865730327e+03
5.486486142060933162e+03
5.513478220192452682e+03
5.542333529835194895e+03
5.580738653673299268e+03
5.601154826515171408e+03
5.628432163371635397e+03
5.624345485638364153e+03
5.639102994629167370e+03
5.668831430751002699e+03
5.671472908276149610e+03
5.614249567539970485e+03
5.617174158307411744e+03
5.633095143901947267e+03
5.654640395112084661e+03
5.683917436503703357e+03
5.718603766496186836e+03
5.740582830000460490e+03
5.161013731363736952e+03
5.233358938609929282e+03
5.317898588512534843e+03
5.421463683887502157e+03
5.462013244844417386e+03
5.499135420697216432e+03
5.537687250295947706e+03
5.553628783286401813e+03
5.586323047833729106e+03
5.611148978390480806e+03
5.650239041933987210e+03
5.662859984237767094e+03
5.672214227887709967e+03
5.688551704003199120e+03
5.694188889101808854e+03
5.676799445675347670e+03
5.664285572832981416e+03
5.704048650945826012e+03
5.711708112243239157e+03
5.753965551594185854e+03
5.809641526711788174e+03
5.829861329781832865e+03
5.217963891256176794e+03
5.327418174123478821e+03
5.382296515929565430e+03
5.430893964818893437e+03
5.475440849934861035e+03
5.511773062913651302e+03
5.545827483500557719e+03
5.575581459406215799e+03
5.596894405033691328e+03
5.625664545658041789e+03
5.670650753602067198e+03
5.684659772528323629e+03
5.695412336980691180e+03
5.707464451928085509e+03
5.726964258438338220e+03
5.747410641891339765e+03
5.756177862925959744e+03
5.765803688420863182e+03
5.775786389879541275e+03
5.792626345459115328e+03
5.834579961458371145e+03
5.850065188861705792e+03
5.278707354225175550e+03
5.350878992057771939e+03
5.400489852035595504e+03
5.450842254557192064e+03
5.494835223096196387e+03
5.540200368592256382e+03
5.568812304702007168e+03
5.597406525417380180e+03
5.628982893378638437e+03
5.644078243905920317e+03
5.683262060030403518e+03
5.697608944656853055e+03
5.713077422784361261e+03
5.731917817363379982e+03
5.752633413114401264e+03
5.775554489563994139e+03
5.784583848729249439e+03
5.791893396663451313e+03
5.802471491406055065e+03
5.815131766354350475e+03
5.840598438054435064e+03
5.856759503233081887e+03
5.309877084183273837e+03
5.375294367143071213e+03
5.426459066656337200e+03
5.469142268125134251e+03
5.524002166919453884e+03
5.560134102646287829e+03
5.592665904611882070e+03
5.622390446136518221e+03
5.650483487163047357e+03
5.679018352054649768e+03
5.701362120148291979e+03
5.716898848534608987e+03
5.735571143500833386e+03
5.756376345014230537e+03
5.771196208799688975e+03
5.796740767220258022e+03
5.817128124414120975e+03
5.825945724306799093e+03
5.829054398353639044e+03
5.832930357565683153e+03
5.844118565134080200e+03
5.852330690202956248e+03
5.319937042413618656e+03
5.371122220050249780e+03
5.449843106625029577e+03
5.501808091277122003e+03
5.551195118991224263e+03
5.581923141950660465e+03
5.618580600566191606e+03
5.638815644985686959e+03
5.670819929076042172e+03
5.696359732771165000e+03
5.717198996402530611e+03
5.738884965911654035e+03
5.759901692009866565e+03
5.778349063037330779e+03
5.792681328692186071e+03
5.821015851410934374e+03
5.837388219184013906e+03
5.843232198629517370e+03
5.845225579485826529e+03
5.846695391774966083e+03
5.844328563483425569e+03
5.840059474801508259e+03
5.325758401199273067e+03
5.373998255099213566e+03
5.454183122902986725e+03
5.525552813435336247e+03
5.570349392482355142e+03
5.613245831989017461e+03
5.653712814380042801e+03
5.664115767271166987e+03
5.694775125143507466e+03
5.711586826544734322e+03
5.732850529012236620e+03
5.751890083034849340e+03
5.775941335950317807e+03
5.796318853063368806e+03
5.809834134779852320e+03
5.820167951939288287e+03
5.850377095798870869e+03
5.855294091079231293e+03
5.855546470618782223e+03
5.856980751632236206e+03
5.853112995705003414e+03
5.846645070378584933e+03
5.335737059495296307e+03
5.405652009282817744e+03
5.483151016138102023e+03
5.552994744634806011e+03
5.584595696661999682e+03
5.633913124004410747e+03
5.669635725384928264e+03
5.681225053475520326e+03
5.703270471151528000e+03
5.721705317413790908e+03
5.738292247102337569e+03
5.761039824716968724e+03
5.786329348913459398e+03
5.804444829726855460e+03
5.820961436919564221e+03
5.831633248839982116e+03
5.848563752071648196e+03
5.864776014306919933e+03
5.868151102418162736e+03
5.867329580213581721e+03
5.862676342694134291e+03
5.856837966735520240e+03
5.365788901809122763e+03
5.435885193931576396e+03
5.512728360252302991e+03
5.560415326472259949e+03
5.606697480663466195e+03
5.642411476973115896e+03
5.675694574678113895e+03
5.697300971088143342e+03
5.721426508885357180e+03
5.740095349736763637e+03
5.748851288352080701e+03
5.771415899199035266e+03
5.795627361026328799e+03
5.812270961346611330e+03
5.826865521853039354e+03
5.847099218127774293e+03
5.859693847948665280e+03
5.864316205889774210e+03
5.866205278664123398e+03
5.875137111834573261e+03
5.875122230410091106e+03
5.873383489342591929e+03
5.347199222617215128e+03
5.481236651884259118e+03
5.528294065913125451e+03
5.573238638345441359e+03
5.604259932328490322e+03
5.643062250079588011e+03
5.668755793786720460e+03
5.693514741799245712e+03
5.721859095243543379e+03
5.745185408003729208e+03
5.756789734807434797e+03
5.784396749711676421e+03
5.799709752390808717e+03
5.817200620666978466e+03
5.831880267782122246e+03
5.837662488242801373e+03
5.857502412093489511e+03
5.869010511137999856e+03
5.872423642257064785e+03
5.871912862824387958e+03
5.873861865521116670e+03
5.875971394365672495e+03
5.402461771741248413e+03
5.499684459502457685e+03
5.537673941066226689e+03
5.574096238584311322e+03
5.605704585221695197e+03
5.636114248714951827e+03
5.662896293988462276e+03
5.692806906888118647e+03
5.721421651659143208e+03
5.748907501549063454e+03
5.772010042339742540e+03
5.791390319887809710e+03
5.806882433779379426e+03
5.820628522900979988e+03
5.829839798629976030e+03
5.842201878086773831e+03
5.855307484097792440e+03
5.868106839679619952e+03
5.874545908183295069e+03
5.877323747149473093e+03
5.879626777220139957e+03
5.880536759217670806e+03
5.435636277993968179e+03
5.501032899578126489e+03
5.535846439403952900e+03
5.571090951705665248e+03
5.603052405893226933e+03
5.630660397368965278e+03
5.658178813092245946e+03
5.690278353344497191e+03
5.721401143619968025e+03
5.752188052958460503e+03
5.775807834449952679e+03
5.794375253657554822e+03
5.810148350581968771e+03
5.826953774484538371e+03
5.834229942041941285e+03
5.848118076853594175e+03
5.863879802892864063e+03
5.879114030807687413e+03
5.878781180453460365e+03
5.881499371558173152e+03
5.882499813957524566e+03
5.882477368698662758e+03
5.467078421572896332e+03
5.498920155844579313e+03
5.527038568010543713e+03
5.559675966148543012e+03
5.594966961163251653e+03
5.624744419878624285e+03
5.652008046968736380e+03
5.682588755299961122e+03
5.718673446488245645e+03
5.751506094918097915e+03
5.776131033079656845e+03
5.795028377586692841e+03
5.811730970725604493e+03
5.831253346629721818e+03
5.841186471777228689e+03
5.870617575360422052e+03
5.881933686069335636e+03
5.888189120164250198e+03
5.882399788703682134e+03
5.883827397239237143e+03
5.883999288198075192e+03
5.883452775247430509e+03
