-9.307385708234505728e-02
6.236946170279225043e+00
1.309087818420266558e+01
2.071664050040453731e+01
2.639080454049326363e+01
3.366269344631746208e+01
3.776612992860464146e+01
3.940553476140303246e+01
3.803620150143251522e+01
2.649637069695108949e+01
2.384109052322401112e+01
2.555420701126604399e+01
3.132360697866988630e+01
5.261856255195925769e+01
6.183265197333730612e+01
6.622259496578772087e+01
6.532377032431668340e+01
6.462722081039919431e+01
5.852204892048212059e+01
5.794991159075561882e+01
5.010976018651399500e+01
4.108855407590544928e+01
-1.012516921196129260e+01
-9.953905575375756598e+00
-3.028847553450759733e-01
3.155093187122474774e+00
7.982513891884082113e+00
1.561159443258384272e+01
2.125015800268101884e+01
2.458552475123087788e+01
2.723898051123705955e+01
2.365016434325025330e+01
2.017041240770140575e+01
2.587149316385603015e+01
2.990235381275215332e+01
4.393572865634178015e+01
5.271416420280820603e+01
5.745517194951571582e+01
5.908215214706797269e+01
6.124313369404444529e+01
6.087394918882455386e+01
5.806115386373858200e+01
5.293065632862726488e+01
4.559556026876816759e+01
-1.287698318788443430e+01
-2.328679471688701597e+01
-1.848291701996095071e+01
-1.456527666537385812e+01
-1.111067707600886934e+01
-3.735613320835000195e+00
2.979532344664221455e+00
7.022818944517894124e+00
9.039913923327731027e+00
1.063971591599965905e+01
9.055459479761339026e+00
1.080041384422838746e+01
1.715731438147940935e+01
2.866781858589729381e+01
3.522563844789783616e+01
3.907921085066573141e+01
4.300224743774379021e+01
4.482476004169620865e+01
4.798253384327472304e+01
4.988668666212834069e+01
4.927321130579457531e+01
4.538257617355611728e+01
-3.139657944976352155e+01
-3.151055164753961435e+01
-3.055004571183235385e+01
-2.526645665895648563e+01
-1.763135537516427576e+01
-1.041336774785850139e+01
-1.278312992334576847e+00
-3.910659017581565422e+00
-7.924303389991109725e+00
-3.785086433075775858e+00
-7.422003543756545696e+00
-7.301106606243592978e+00
-1.170706058611358458e+00
5.865661241189627617e+00
1.427904547971775173e+01
1.452415634672888700e+01
1.652020771742536454e+01
1.977685744477003027e+01
2.697882334115547565e+01
3.427039767455789843e+01
4.536444972783465346e+01
5.124560919404575543e+01
-1.408024357143949601e+01
-3.288093132830817922e+01
-3.040178219985773467e+01
-2.463891634034735034e+01
-1.604446045932127163e+01
-6.629370337112959533e+00
-3.596677213765360648e+00
-8.050704742693596927e+00
-9.617024537422366848e+00
-1.651238828257828573e+01
-2.121499749948998215e+01
-2.257387482316244132e+01
-2.299984800134916441e+01
-1.880532200094330619e+01
-9.103540472400709405e+00
-1.341798350516364735e+01
-1.475157184529962251e+01
-1.073986386936940107e+01
6.039300908014411107e-02
1.819833260626364790e+01
4.106122432456595561e+01
2.542372946960040281e+01
-3.733814673326833145e+01
-3.219396339406375773e+01
-2.868316166131990030e+01
-2.242901683792570111e+01
-1.347632163675916672e+01
-3.913022957419343584e+00
-8.135302132777724182e-01
-7.014693581044411985e+00
-1.309156796955812752e+01
-1.837823279207350424e+01
-2.257091023750672321e+01
-2.572738165003283939e+01
-2.549828839053589036e+01
-2.191242614869861427e+01
-1.297983170037969103e+01
-2.222613398922476335e+01
-3.338613515743691096e+01
-3.315833154424399254e+01
-1.604599125806907978e+01
2.207067517707400839e+00
2.958719499271410314e+01
2.614840700728836964e+01
-3.708154086595004628e+01
-2.928248684095524368e+01
-2.571990922767872689e+01
-1.991314990156570275e+01
-1.159221784822875634e+01
-2.645435526251276315e+00
1.411339459284135955e+00
-4.373059712956091971e+00
-9.803067322130118555e+00
-1.444412406121136883e+01
-1.659385213581481366e+01
-1.888650012932976097e+01
-1.896946832411958894e+01
-1.720625469977858302e+01
-1.752270305355887103e+01
-2.715192861567902582e+01
-3.432993995621382055e+01
-4.251433029923646245e+01
-2.014659439756269421e+01
1.529082611245848966e+01
4.079577684163541562e+01
5.642439001763796114e+01
-3.651715067500117584e+01
-2.682224996121385630e+01
-2.532014371306013345e+01
-1.766150770175045182e+01
-1.058148098129277059e+01
-5.923163160288822837e+00
-2.626609438839295763e+00
-3.651770999294967623e+00
-7.916256121357037046e+00
-1.154122447228746751e+01
-1.029439834855747904e+01
-6.681014878521637002e+00
-1.119431042085216177e+01
-9.959730336423490371e+00
-1.330643724930905591e+01
-2.443367013599890925e+01
-3.208839623584935907e+01
-4.078400436145875574e+01
-1.617486746342092374e+01
1.445559017497998866e+01
4.176847476941929926e+01
5.893732978452771931e+01
-3.274995457791555964e+01
-2.788953006257906964e+01
-2.477788245724877925e+01
-1.909842985607610899e+01
-1.303440223835332290e+01
-7.780135968783724820e+00
-5.992335597483361198e+00
-8.020481782426031714e+00
-9.152970888990239473e+00
-9.942791549716275767e+00
-1.027019073238352576e+01
-8.690010764375983854e+00
-6.315435886828709044e+00
-1.152843389559438947e+01
-1.507833634996222827e+01
-1.504755087291323434e+01
-3.800900737953543285e+01
-4.421977640546901966e+01
-2.537424557671693037e+01
7.382029529133433243e+00
3.307569611564940715e+01
4.978105760088237730e+01
-2.680182403896560572e+01
-2.438669691141603835e+01
-2.083491200511980423e+01
-1.696087141150655953e+01
-1.222308205323588481e+01
-6.538737265507734264e+00
-8.436687126423748850e+00
-1.055830464833798032e+01
-9.537460550045580021e+00
-9.367314756992527691e+00
-1.236114392372292059e+01
-1.101325237733635731e+01
-1.382404782281446387e+01
-2.133462407396291383e+01
-2.706088288702721911e+01
-3.395496651220946660e+01
-4.280533029710750270e+01
-5.144215348827310663e+01
-2.812437185630005843e+01
-6.603064486700532143e+00
1.310214807201464282e+01
2.665971860898753221e+01
-2.005606400227861741e+01
-1.940220189669980755e+01
-1.574355905923039245e+01
-1.222162464403027116e+01
-1.020447204470747238e+01
-8.066362765329358808e+00
-8.979931844129168894e+00
-6.868075747858711111e+00
-1.221284944314902532e+00
-5.401785339179696166e+00
-1.044615094856544601e+01
-1.136694489964702370e+01
-2.225497482935770677e+01
-3.017375095900752058e+01
-3.112096752111028763e+01
-2.949356307933703647e+01
-5.240043954088196188e+01
-6.240234461343334260e+01
-4.820450078434714669e+01
-2.327974894266117190e+01
-3.239749009567276516e+00
-8.331426230855868198e+00
-2.655719994641731319e+01
-1.578432796885044809e+01
-1.012954984077714471e+01
-7.720644279017506051e+00
-8.152069632024904422e+00
-8.603018132354918635e+00
-7.383797263533779187e+00
-7.348826510137769219e+00
-5.044318513607322529e+00
1.727622396748301981e+00
-4.040532018490921473e+00
-8.951232240402532625e+00
-1.445032320805876225e+01
-2.087465852982222714e+01
-2.724938600448240322e+01
-2.378315011470294849e+01
-7.704236962829509139e+01
-7.993713272442710149e+01
-6.227425087939445802e+01
-3.956523882227338618e+01
-1.775054316515161190e+01
5.185894434243891737e-01
-4.766598307488948194e+01
-2.968271170215575694e+01
-7.008866783213306917e+00
-6.680217950133737759e+00
-6.670128885298254318e+00
-7.891419621852946875e+00
-8.264185842816914374e+00
-7.623895652581268223e+00
-4.841662897089008766e+00
6.991419525618766784e+00
2.259131354083365295e+00
-1.404641031812388974e+00
-6.440902438491320936e+00
-8.827396505326760234e+00
-1.189860167532788182e+01
-4.345485777844169206e+01
-6.567924326387128531e+01
-8.258817992883268744e+01
-7.221533594951233681e+01
-4.660188117453253653e+01
-2.180808264312599931e+01
-2.173568163671006914e-01
-6.586879745712394651e+01
-4.959005248555240541e+01
-3.241600302892766194e+01
-3.815344454164005583e+00
-4.250815108921415231e+00
-6.198641699506879377e+00
-1.159042593000322086e+01
-9.907701114240808238e+00
-4.131478386995695473e+00
4.417398114655043173e+00
4.250334075724822469e+00
-1.440431135251856176e+00
-8.652490204656714923e+00
6.784427908860379830e-02
3.939948508112138370e+00
-2.377253287311032182e+01
-6.121040725802504312e+01
-7.708289639439590246e+01
-7.087302973409987317e+01
-4.725913431969001977e+01
-1.944855718538474321e+01
-1.079076905572037504e+01
-9.525656974588855519e+01
-6.622495846248057205e+01
-4.462974204361034936e+01
-2.587972459846241691e+00
-2.553459319995454280e+00
-3.950551733144493483e+00
-1.004917729102362500e+01
-7.558711431741357956e+00
-5.235125403550227929e+00
4.958520971313191694e+00
4.567604302486870438e+00
-1.353383201371798350e+00
-2.267474660516199947e+00
8.154918318320596882e+00
1.157589167109290429e+01
-1.223125952791906457e+01
-4.777268938038560009e+01
-5.820275189398944349e+01
-4.899992056436622079e+01
-2.558734313958029816e+01
-4.430794848286495835e+00
9.502290464036377671e+00
-9.185734969736950006e+01
-8.048767279272396991e+01
-6.232702201838128531e+01
-2.697489006168052583e+01
-2.501141739864578994e+00
-7.003683937920868630e+00
-1.582473790869426011e+01
-1.731304664313665853e+01
-1.500364407749839302e+01
-1.302707057110637834e+00
2.721738416155858431e+00
2.642971345379010017e+00
8.598755490289477166e+00
1.815250830636796309e+01
1.063063498067731416e+01
-1.448966178407954430e+01
-3.114470998359593068e+01
-2.648307218832178478e+01
-2.874877454906618368e+01
-8.960721652955726313e+00
2.564189632942998287e+01
3.157714485710221197e+01
-8.161315573335650697e+01
-5.419110320302388573e+01
-4.799868144784250035e+01
-2.861940141503055202e+01
-5.182090809699730016e+00
-1.105772440877080953e+01
-1.873184961244260194e+01
-2.550323702291461814e+01
-2.517362235466589482e+01
-1.116485472743988794e+01
4.034819512310605205e+00
3.454199332561984193e+00
2.172813504450186883e+01
9.621845238157220592e+00
2.046634405020085978e+01
-5.379484461425818154e+00
-7.306288035930265323e+00
-7.693210939934033377e+00
-5.244182974519389973e+00
2.212192897421573434e+01
4.530090595172259782e+01
5.293168107065594086e+01
-5.987831705201824661e+01
-3.015240187256949866e+01
-2.501246639666533156e+01
-3.547474902805333841e+00
-9.488147561348341696e+00
-1.619485334543696808e+01
-2.270232701756685856e+01
-3.558179081860726001e+01
-3.191886093912671640e+01
-2.031491763400845230e+01
-4.890171866950367985e+00
9.735244568253619946e+00
9.356779399010520137e+00
9.343304983523921692e+00
1.136331472490110173e+01
2.010435754862191970e+01
2.449399326346519956e+01
1.372112013946389197e+01
1.199902603134614765e+01
9.488486922847187088e+00
5.077790146863844711e+01
6.191224743386283080e+01
-3.145985110767742299e+01
-1.695316873561750981e+00
-4.497183393359591719e-01
-7.709176748294339632e+00
-1.565095555448078812e+01
-2.493825954441126669e+01
-3.069809304014506779e+01
-3.182753403346032428e+01
-2.423371662664612813e+01
-1.184394738252558454e+01
-8.087086616598753608e+00
9.028748942523634469e+00
7.664263351301997318e+00
7.659113367431018560e+00
1.091174053935901611e+01
1.974903365864520310e+01
2.311174175018368260e+01
2.828449282188466896e+01
2.768345738883363083e+01
3.695867209421248845e+01
4.786194385869566759e+01
5.820656885696007521e+01
-2.368325605422342051e+01
1.375977957703071297e+00
-1.260763134586613887e+01
-1.207567182206730649e+01
-2.044716312024957006e+01
-2.749078058529994451e+01
-3.212428842324243305e+01
-2.421602498064021347e+01
-1.468887099667244911e+01
-4.825884602227233700e+00
6.880190395810132031e+00
1.057767944551596884e+01
8.525355260994729178e+00
8.737665562167421740e+00
1.292121750511796563e+01
2.331859283715402853e+01
3.276489467045485071e+01
3.104935351564927259e+01
3.041229165927688882e+01
2.962400597123632906e+01
3.996103448449957796e+01
5.009166441832803685e+01
-4.601432410530469497e+01
-2.279283213559938304e+01
-3.060143330758091906e+01
-1.780871338828819717e+01
-2.890463434338289517e+01
-3.117945696972310543e+01
-2.597838581269843417e+01
-1.781487241812556022e+01
-6.563966770215301949e+00
4.700442007413585088e+00
9.733510242226657283e+00
1.208442125739566109e+01
1.186510359601743403e+01
1.040878797349432716e+01
9.930019407809595577e+00
2.377649653184380441e+01
3.143999782503397000e+01
3.436233572538276348e+01
3.267166291232206277e+01
2.946224589392477355e+01
2.678263710061037273e+01
4.571797556470301060e+01
-6.222160462504780298e+01
-4.354748160153940262e+01
-3.240136494965918246e+01
-3.370343441793829697e+01
-2.798552605684108130e+01
-1.581095704005747393e+01
-9.642243613955542969e+00
-1.983380626700636640e+00
-1.144129931064526318e+00
7.132748999561044911e+00
1.061865035387836542e+01
1.296018663466475118e+01
1.205088844478723331e+01
1.023540675014919543e+01
9.814724907624622574e+00
2.057578081480005494e+01
2.538781644140090066e+01
3.111170737077191006e+01
2.773336812327852385e+01
2.268476473449754849e+01
2.056835010537906783e+01
3.717578238774785859e+01
-7.887039020903466735e+01
-5.202374053500989248e+01
-3.895958152290131693e+01
-2.318586459401467437e+01
-1.813056206151759397e+01
-1.056645032213054947e+00
7.123881601086395676e+00
1.130503174199839123e+01
5.450971717293214169e+00
9.581400709337685839e+00
8.460390122131684620e+00
1.251678872977390711e+01
1.110079929484618333e+01
1.116910390895009186e+01
9.515232188058689644e+00
1.499149910571213695e+01
2.338986483152621076e+01
2.730755064844743174e+01
2.320421684642678883e+01
1.874649424923791230e+01
1.391295435186293616e+01
1.387265144764114666e+01
-7.746869045270887000e+01
-4.014795002274695435e+01
-2.459038891401633009e+01
-1.089770120007597143e+01
-8.528751564499543747e-01
1.161091504686828557e+01
1.845570991347176459e+01
2.041372188668810850e+01
1.367358261055051116e+01
1.265260648693765688e+01
1.217034197816610686e+01
9.791134862564831565e+00
1.047272206613524759e+01
1.055415042442200502e+01
7.756615660200623097e+00
1.254879074100972502e+01
1.844755647771489748e+01
2.326740594252987648e+01
2.737654193636444688e+01
1.874155251943648182e+01
1.524078983676918142e+01
1.252915185276560806e+01
-6.733773029347958072e+01
-2.788795083372679073e+01
-1.303051367727948673e+01
-6.111911168332881061e+00
1.819667347447648353e+00
7.089336703228582337e+00
1.298492041294230148e+01
1.442422822837306740e+01
1.489710240930435248e+01
1.547398525679818704e+01
1.338948000601067179e+01
1.425553897176177998e+01
1.260450812026556378e+01
8.905250151348809595e+00
4.826108584036774118e+00
8.605392208812190802e+00
1.236612199879618856e+01
1.707783038714205759e+01
1.992261184831932042e+01
9.237814072595938342e+00
6.854213407834322425e+00
-3.925995937313018658e+00
-5.137743355703696579e+01
-2.486971019093653013e+01
-2.846113337096539908e+00
1.204356469131198537e+00
3.108856124172234559e+00
5.443124168118629314e+00
1.083468304845791863e+01
9.637740493612909631e+00
1.161389741490711458e+01
1.603715360328533279e+01
1.742964744132859778e+01
1.784462745475320844e+01
1.555208395542376820e+01
9.497469883875055530e+00
-2.749681090817830409e-01
-1.842674961844750214e+00
4.228132839441059332e+00
9.602468710171706334e+00
4.050835891806855216e+00
8.140198395540210186e-01
-1.974389110439005890e+00
-3.738861399819143116e+00
-3.143985952769162395e+01
-7.818952480594816734e+00
2.377199677111093479e+00
4.710037195114637143e+00
4.221840772903306060e+00
3.765929883726130356e+00
4.340455532144915196e+00
5.766224980173319636e+00
8.215590350123420649e+00
1.100695718596944062e+01
1.925769257007868873e+01
1.823819263685254555e+01
1.530418180450305954e+01
9.088367847719382553e+00
3.321730758021658403e+00
2.389668998602246575e+00
6.949215506037035084e+00
1.077417848334698647e+01
6.961300922305781569e+00
3.010507631618565938e+00
-5.570595380486338399e-01
-3.001455375810110127e+00
-9.034573179513245123e+00
1.017034300032810279e+01
3.597476867343175400e+00
6.491705948276830895e+00
8.922039119159308029e+00
1.078637822019754822e+01
9.320020906807258143e-01
2.437836016913024650e+00
1.001113417843498610e+01
7.870246309407775698e+00
1.690716518275348790e+01
1.704162443624863954e+01
1.255343071338211303e+01
7.971304935548687354e+00
9.611797627408122935e+00
7.257476797533854551e+00
9.786327527866887976e+00
1.434297547864753142e+01
1.008286003467310366e+01
5.027280777699161263e+00
4.234977072328547365e-01
-2.797987574913349818e+00
