1.017457187942727614e+01
9.917414384990479448e+00
2.392080501967302553e+01
3.112054428333340184e+01
2.868718656087912677e+01
4.090598978494290350e+01
4.150248962997193303e+01
3.776689549975162663e+01
3.295273665067088587e+01
2.563194704097259091e+01
1.776499971154589730e+01
1.890382293563834537e+01
2.896969452266966982e+01
3.596498027784582519e+01
5.006592305370395479e+01
5.460953538274225139e+01
6.484056067090750730e+01
5.117655369070689630e+01
4.416191502045057860e+01
3.518597437722928589e+01
2.670916781729010836e+01
2.288573816652842652e+01
-6.876550089980810299e+00
-7.766498720889103424e+00
-1.312916571151072276e+01
3.785785314239547006e+00
1.642206625955896016e+01
1.064017090886682126e+01
1.852019843664129439e+01
3.562694485876272665e+01
3.079398214407774503e+01
2.190483569621119386e+01
1.812702059318507963e+01
1.944150666208133771e+01
3.023039697271906334e+01
3.779466159726507613e+01
5.295853014717067708e+01
5.342468877884584799e+01
5.876492727732511412e+01
5.496524122953815095e+01
4.766041571731147997e+01
3.281787548714328295e+01
3.071876577117018314e+01
2.626826903743494768e+01
-2.907426986219252285e+01
-2.992064596038926538e+01
-2.170775635106201662e+01
-2.402928357348173449e+01
-1.798125199932383111e+01
-4.821614864245020726e+00
5.325162114329941687e+00
1.518292348133218184e+01
2.616588522900201497e+01
2.054032152174204384e+01
1.687944368027183373e+01
1.823902522364460310e+01
2.880793614251706458e+01
2.831580712042705272e+01
2.926765989249270206e+01
3.894424588772199058e+01
4.524240588611064595e+01
5.407615798469851143e+01
3.342916843706916552e+01
3.417152786848237156e+01
3.190793808591115521e+01
2.721560249803769693e+01
-2.896600012138333113e+01
-2.992649367258854909e+01
-2.936765615486547176e+01
-2.504854598762358364e+01
-1.900177419292413106e+01
-5.251496730725193629e+00
-4.783212301082130580e+00
-1.623847909387313848e+01
-2.135175660102504480e+00
-4.220403392181651725e+00
-7.142804176161007490e+00
-8.164648200994633953e+00
9.167214415456328425e-01
-9.238812177750332921e+00
4.422988444602196978e+00
2.073408037605713616e+01
2.752125524351686181e+01
-1.894811306984593102e+00
3.144884306253698014e+01
3.205103994982164295e+01
2.983376308169226832e+01
2.536218045357418305e+01
-2.938687191987446568e+01
-2.886378596083159209e+01
-3.054189548815520538e+01
-2.955519803929018963e+01
-1.426496431884061167e+01
-1.712858990931636072e+00
-1.252603886307952052e+00
-8.826331116833898704e+00
-1.601708074382258928e+01
-2.306887073875532224e+01
-2.591844512006355217e+01
-2.759683243709514500e+01
-2.749362039243169420e+01
-2.826327788893286197e+01
-7.675799357107280230e+00
-2.577404622638823639e+00
-2.004251632451814658e+01
-2.219163096714328276e+01
-2.893077317484312516e+00
2.695823597988692200e+01
2.498775475276943325e+01
2.114776073933990119e+01
-2.877597848684672499e+01
-2.808891505614519701e+01
-2.961345386399352719e+01
-2.855252205654505815e+01
-9.905515604094944138e+00
1.803081945286066912e+00
2.224445021096471464e+00
-7.115882385094664642e+00
-1.850744820518320921e+01
-1.968602539773110038e+01
-1.913576059439401433e+01
-2.733262953099892911e+01
-2.849177111227163550e+01
-2.938912949682708131e+01
-2.605830636694099667e+01
-1.434567787193736876e+01
-3.613927222308393539e+01
-3.863654085979578667e+01
-1.316944624440202460e+01
6.390172648149928136e+00
1.860782331656446331e+01
2.736782239272451989e+01
-3.767620173502382386e+01
-2.549559843504994205e+01
-2.678148697864071437e+01
-1.927748398656603968e+01
-1.110551355440475163e+01
-2.669590214185518562e+00
2.021142114097528975e+00
-7.418799382212455384e-01
-1.346405662954020954e+01
-1.427307603645749623e+01
-1.382612319619875052e+01
-1.955216546429710434e+01
-1.602292508335540333e+01
-1.452278117911555455e+01
-1.450035110593398713e+01
-1.322878035091252968e+01
-3.856801465531225404e+01
-4.129907565936809988e+01
-4.043386153434130392e+01
2.888859950720961933e+01
2.896875352550341631e+01
2.654895497283541772e+01
-2.975514514790393150e+01
-2.974107998198451241e+01
-2.491353824531233840e+01
-1.885140332981427491e+01
-1.127264636360632721e+01
-6.832472167861851631e-01
-1.278947933235940582e+00
-4.092316702027346764e+00
-9.125056820860663720e+00
-9.018057753171888180e+00
-8.124059959066471492e+00
-7.296824339144222904e+00
-4.532581647118604451e+00
-3.613029336446743400e+00
-7.469488651669962564e+00
-1.002589366417669225e+01
-3.383789115638955991e+01
-4.057340992590980022e+01
-1.824846249294387235e+01
3.142961061049300042e+01
3.151673851256327907e+01
2.888403355465470668e+01
-3.020239305677841912e+01
-2.947228281720435916e+01
-2.299504398883436806e+01
-1.995745780099787225e+01
-1.699452979337092984e+01
-3.539133302008849569e+00
-2.925985302011213207e+00
-9.678052591232699342e+00
-1.053924818026825960e+01
-1.047060260491434747e+01
-9.488301196874090238e+00
-6.983851468207831203e+00
-5.440768507556640543e+00
-4.546019425052691076e+00
-1.293345700837107870e+01
-1.533017845561425929e+01
-3.033628321069227241e+01
-5.231845820261332847e+01
-8.868541786563582718e+00
3.125119375241138187e+01
3.133775083663385885e+01
2.871992767565370741e+01
-2.169590730738400453e+01
-1.682773193224056740e+01
-8.836687077105125354e+00
-8.739949496616645774e+00
-8.061797354182999698e+00
-6.022775928795454092e+00
-9.922634455768275075e+00
-1.099346742994930537e+01
-8.620348588728120376e+00
-8.222210559611085046e+00
-1.338940008653298719e+01
-1.016903669241582975e+01
-9.090696576549817109e+00
-2.103163179397324711e+01
-2.673921048875126871e+01
-2.355469407510190649e+01
-4.183242753528156754e+01
-5.660120757877393771e+01
-4.316194328363235400e+01
5.275199475763656665e+00
5.624125183200703759e+00
5.457149953691441624e+00
-2.096150248778667446e+01
-1.597253209796690498e+01
-1.000739215763860557e+01
-9.823828087261063047e+00
-8.985170955893408973e+00
-7.673867798666833551e+00
-9.388059106729087944e+00
-1.030976216852286598e+01
-4.309233233277154795e+00
-3.758548149589842069e+00
-1.266098975095701462e+01
-1.324740295673655055e+01
-1.266796126072949846e+01
-3.391172736084990902e+01
-3.513878591703360144e+01
-3.327657342120437534e+01
-5.391629393351286126e+01
-6.647513972770229884e+01
-4.239234142508666991e+01
-2.482502975523766509e+01
-9.484598829969399958e+00
-8.333923599747322442e+00
-1.833982282080432924e+01
-1.365686600232675119e+01
-1.038608707174535084e+01
-1.012373730095805513e+01
-9.184755188390226976e+00
-6.731799696161033353e+00
-1.075097904162066698e+01
-2.697399004314320337e+00
1.720447480912298488e+00
2.912493893456485239e+00
-5.180511717002445948e+00
-1.318447466477300623e+01
-1.260784017035439319e+01
-1.749973572550788958e+01
-2.786539576551695063e+01
-3.222954623362966231e+01
-8.196995877148947329e+01
-8.192462316766432195e+01
-3.796622265051246359e+01
-3.244833013265088084e+01
-2.862977348495132901e+01
-2.287367311296748085e+01
-1.449293459378077387e+01
-1.046572830880631955e+01
-9.876496309288995690e+00
-9.563462265912676230e+00
-5.214210644001468609e+00
-5.353760573019826552e+00
-8.160152915265825868e+00
-7.321081976957430015e+00
3.961493479852833843e+00
5.351751458998478483e+00
6.343482929751189658e+00
-2.390475553257601860e+00
-6.956618175551739114e+00
-1.058217546169817069e+01
-1.289108210927133769e+01
-3.334120325306594168e+01
-7.027179488663023221e+01
-8.917578458093976224e+01
-7.555275725963565492e+01
-4.604530441996757872e+01
-3.623201922880980419e+01
2.528082375736630638e+00
-6.345892324975739029e+01
-5.192009995864736993e+01
-7.837619800704487716e+00
-6.605222553925159445e+00
-7.027722242401068797e-02
-4.050268092833903211e+00
-8.414615397239685990e+00
-1.209917480390231503e+01
-5.005294166416206281e+00
9.229034099562340998e+00
9.013857584286597557e+00
-2.387141133302975504e+00
-8.496301895701435569e+00
-3.382488142478905502e+00
-2.165415652058982232e+00
-2.372496929443241243e+01
-6.099885697643003368e+01
-8.770745386864109605e+01
-7.412297896201016556e+01
-4.272434098766188981e+01
2.617516837869516166e+00
2.667201609121548245e+00
-8.526846119144556724e+01
-7.213305059129561414e+01
-6.019782508577918634e+00
-4.928599189657688839e+00
6.417825005237318692e-01
-3.378290600377113151e+00
-7.854372327240525919e+00
-1.169462595686673012e+01
-2.850005937222704233e+00
1.026788488072270411e+01
3.394226287775381934e+00
-4.735036380790916155e+00
-2.300895116280116781e+00
2.841572181642095529e+01
2.744384920403990691e+01
-1.747680633935760852e+01
-3.291476113064800302e+01
-3.147520761355735885e+01
-3.967765377177056507e+01
-2.846759364801710035e+01
2.505230558958828624e+00
2.556912793936135131e+00
-1.055923541062120421e+02
-8.075722603829308355e+01
-5.573098609188491537e+01
-3.978714825866518368e+00
-3.625323187283356674e+00
-2.424805389181528881e+00
-6.621431974860570335e+00
-1.028067184315568738e+01
5.321469357295427471e-02
-1.033429731778596761e+00
1.057241547658850322e+01
-4.092272079720714828e+00
4.025122638978245959e+00
2.924426676907842193e+01
2.824371971102664247e+01
-3.245578613602265250e+01
-3.395727858232567087e+01
-2.529410686786468432e+01
-1.675668336532453395e+01
-8.206117564829582989e+00
2.175902951886200754e+00
2.225037143636654946e+00
-8.539898407337022945e+01
-6.630791712445261510e+01
-5.035295972003859788e+01
-5.169541523748193868e+00
-4.815874042778887087e+00
-4.058522825367617770e+00
-5.025656984632405511e+00
-2.489439982386465999e+01
-1.949079072707900195e+01
-1.523339076807951642e+01
8.190705601561603544e+00
9.289065401226253016e+00
9.547688426980130316e+00
1.711771565086201008e+01
1.391424639455544821e+01
-1.168759540141309117e+01
-3.201054795543768705e+01
-1.029792058233397256e+00
-5.194199524239593302e+00
2.043215184846758348e+01
5.681223357851285982e+01
5.967753050353530853e+01
-5.366359212900079001e+01
3.775109084711402829e+00
-7.430628900337978848e-01
-5.070370899557929079e+00
-5.629607974891769118e+00
-1.603343108932040195e+01
-2.724067085396291077e+01
-3.057333807188842911e+01
-3.151960646071165684e+01
-2.015469513441166782e+01
1.004196522123766044e+01
1.123207173305399920e+01
9.366677843346224108e+00
7.753219453969904862e+00
1.392062188053932914e+01
2.308099498525371018e+01
2.237342169580642803e+01
2.300172525784910249e+01
2.295169129813257314e+01
2.740918560698901274e+01
5.536666457401861408e+01
5.815954289267483546e+01
-1.798339001990007091e+01
5.809035624101852591e+00
1.161013001759783947e+00
-3.429665814000145474e+00
-1.282921229638759542e+01
-1.929740833260439103e+01
-3.261465215840325982e+01
-3.110545193727739388e+01
-1.768591164688496065e+01
-1.787582182872210979e+01
6.877920887829532148e+00
6.685261383591750928e+00
5.899818218332256947e+00
7.253818506752395479e+00
1.244541412367198063e+01
2.326157848234470293e+01
2.254833196404888440e+01
2.125685406681259337e+01
2.360187341915934667e+01
2.771688454592367634e+01
4.416370205640214408e+01
5.179301706730711885e+01
-1.213534742581850878e+01
7.317105081113368215e+00
2.936235173011482402e+00
-1.649710203253926011e+01
-1.931977830721916689e+01
-2.971506853883875010e+01
-3.052009754003847775e+01
-2.326054237314656348e+01
-1.193262905036590382e+01
1.738928570749521896e+00
9.317558719858425320e+00
8.461119724022864830e+00
7.880339759480193607e+00
9.168955464717328141e+00
8.326716906301953713e+00
2.230321406977236620e+01
3.336595423268499871e+01
3.422614124055235152e+01
3.069351730441940163e+01
2.910889387263796380e+01
3.556361738002306083e+01
3.915453929011891887e+01
-3.109631699774854496e+01
-2.723117196392195183e+01
-8.463255451621080283e+00
-2.149658106988954387e+01
-2.456603282663854770e+01
-3.047645923730306095e+01
-2.024029099160088663e+01
-2.050974744027007546e+01
-5.648524541697952372e+00
4.388445286718706484e+00
9.619023613813624252e+00
1.310606655044375657e+01
1.251264699097373523e+01
1.038135875483931159e+01
9.526895771345152752e+00
2.715815858851692610e+01
3.503849490629454522e+01
3.395372165572189260e+01
3.085630660507467837e+01
2.915796315612260514e+01
2.522547919970747898e+01
1.998053378496842925e+01
-5.456397659714821202e+01
-5.717786208387951774e+01
-3.753426971493536257e+01
-2.561948491661223670e+01
-2.507785924323707150e+01
-1.238536929762085492e+01
4.618899915193651395e+00
-5.603162862817953283e+00
6.578170389277147478e+00
6.735259714471794723e+00
1.146191806047863793e+01
1.112216543468639429e+01
1.215920237080808874e+01
1.111953407538294414e+01
9.394415811839280650e+00
9.379216931165501592e+00
3.177722407850251329e+01
3.076791961476556025e+01
2.718663474948152725e+01
2.688887628830161702e+01
2.318071254074675380e+01
1.829491101451549184e+01
-6.859672786611554329e+01
-5.190281386701099109e+01
-3.114129330533160100e+01
-1.262445915843454713e+01
-1.942750843503654323e+01
2.279262475474752137e+00
1.499744914597613388e+01
4.634615074392968381e+00
6.101859623940981692e+00
6.248508095633042103e+00
5.446341579697218549e+00
8.637181431913631968e+00
1.099813613748210628e+01
7.366980835789036064e+00
8.106749207760003628e+00
8.141267491589132987e+00
1.725697303884680878e+01
2.760276956276993587e+01
2.710199451461539866e+01
2.438267510389869130e+01
1.960722144521878363e+01
1.542175721464172966e+01
-5.826440929221735132e+01
-4.140811023030892102e+01
-1.590366883798378694e+01
-1.220943799190808932e+01
-8.144840488330373773e-02
9.319000731558844564e+00
1.929680936041950190e+01
1.714915227866094938e+01
1.800519047217494517e+01
1.627933954764375812e+01
6.806636996439920040e+00
1.026939782004228618e+01
1.268161192644492985e+01
7.907844178385857958e+00
6.160608646920991305e+00
1.517986977623695566e+01
1.946709351420304301e+01
1.737643340714475926e+01
1.383430937542198080e+01
1.860820258553485473e+01
1.563667163470927335e+01
1.212449682439910248e+01
-9.408639778531414777e+01
-1.026058936095159879e+01
-8.775373536239385430e+00
-2.168824457068694755e+00
-2.261747030575861572e+00
1.107971302859914431e+01
1.307399925976915256e+01
1.230993381974712975e+01
1.453001161155771115e+01
1.513368964026176400e+01
7.656483642344937834e+00
1.672733307077214704e+01
1.152912224462761515e+01
8.178309793789594551e+00
6.021737605698945117e+00
-1.929862074557604501e-01
1.049999529722936131e+01
1.423611829063338519e+01
1.092830179863540252e+01
4.971102603331019054e+00
2.900952911820240843e+00
2.292147184776695212e+00
-5.335640280895313481e+01
2.751815508345316630e-01
-1.609638342128164368e+00
-8.419020080054906430e-02
1.720947376980802801e+00
6.747154413882526569e+00
9.239786561151049682e+00
1.200566270894705667e+01
1.180513129816063156e+01
1.430811487329901865e+01
1.753910919500958698e+01
1.887631000883357046e+01
1.485025319266787847e+01
8.041398207712518342e+00
-3.701636625846731476e-01
-1.192929337978057447e+00
1.708920364550976956e+00
6.204723286310581898e+00
6.182886829539711471e+00
4.429555283262743615e+00
3.858361651699851791e+00
3.060621625669227797e+00
-3.155672543379660056e+01
-3.572119835307603353e-01
5.023842644086471410e-01
2.473413227272430959e+00
3.970547379658455611e+00
5.096705966278022970e+00
7.307400784933633986e+00
1.070294976930290431e+01
1.053859488513808174e+01
1.425204648162980448e+01
1.733751111575111281e+01
1.830031575150496792e+01
1.508414561877270899e+01
1.076388005153421545e+01
-1.224028221648950421e+00
-2.024531549370294670e+00
3.077369210150209256e+00
1.081243460387941013e+01
5.579627773132415314e+00
5.349581789418152766e+00
4.674212534958314791e+00
3.720719871839719417e+00
-8.503274916135524109e+00
-9.453241224446173874e-01
-1.291039881352844532e-01
6.205639458594305324e-01
3.301355946311559819e+00
4.281622260794392787e+00
5.169654776911556837e+00
6.433068172982530086e+00
9.558509228837465344e+00
1.293790217631612904e+01
1.563233348922949517e+01
1.669262842139869463e+01
1.392989827985638840e+01
1.014254601652464771e+01
-1.778715639220536104e+00
1.227200412933598273e+01
1.417841358925397799e+01
1.497189738244742330e+01
6.126509573502517014e+00
5.888667312866346037e+00
5.159584452119815978e+00
4.119865216684047482e+00
