5.321078467436250321e+03
5.347669950911474189e+03
5.372329968341407039e+03
5.393576674245424329e+03
5.423365198389494253e+03
5.450009787619434064e+03
5.473609033807755623e+03
5.490476557698034412e+03
5.500979988382046940e+03
5.509031853128078183e+03
5.515247737028103984e+03
5.528811557131891277e+03
5.550827845702175182e+03
5.576156965388464414e+03
5.602087528053845745e+03
5.627209099250067993e+03
5.645193502259786328e+03
5.658439978343687471e+03
5.670851306628688690e+03
5.678064578043272377e+03
5.679034211451554256e+03
5.674808439142782845e+03
5.299143179234889431e+03
5.325384834678561674e+03
5.342107946155115314e+03
5.362773361887976534e+03
5.391828579815849480e+03
5.419653819243146245e+03
5.445663293449393677e+03
5.465470033299689931e+03
5.478646848609155313e+03
5.487177630714051702e+03
5.496491498656175281e+03
5.509115998738801864e+03
5.528184095932341734e+03
5.555863657650294954e+03
5.580365329558382655e+03
5.606428875085553045e+03
5.626232683735787759e+03
5.646227710221498455e+03
5.663584630339108116e+03
5.675983023040296757e+03
5.680290315802546502e+03
5.678450356373780778e+03
5.276893028537796454e+03
5.294342304765124936e+03
5.308701664380933835e+03
5.326931898113307398e+03
5.356457359247894601e+03
5.386706088202075989e+03
5.413464203083148277e+03
5.435437132428754012e+03
5.446823529526601305e+03
5.457546470384096210e+03
5.466009235648356480e+03
5.475605159684901082e+03
5.491327740292337694e+03
5.516105149449045712e+03
5.539691418504593457e+03
5.563275052763342501e+03
5.588720705521363925e+03
5.617667080075485501e+03
5.642265436443148246e+03
5.662802819573187662e+03
5.674234296603614894e+03
5.676750528649354237e+03
5.256767251416250474e+03
5.268679043267352426e+03
5.278189072816660882e+03
5.296428132989532060e+03
5.329367582470496927e+03
5.359693255215381214e+03
5.384999107438858118e+03
5.404632028496163912e+03
5.414078299799910383e+03
5.422523860776853326e+03
5.428277170806354661e+03
5.433904828295277184e+03
5.446018868685682719e+03
5.467618081408531907e+03
5.487563545535496814e+03
5.509723578205227568e+03
5.537616548676139246e+03
5.568549757228382077e+03
5.606935915270831174e+03
5.639363872545073718e+03
5.661691344624536214e+03
5.672200340624846831e+03
5.238416643254266091e+03
5.245489671389621435e+03
5.254984765154897104e+03
5.279063454636338975e+03
5.313074118071825978e+03
5.345472608674722323e+03
5.369128217477191356e+03
5.386753366005040334e+03
5.393164352580647574e+03
5.395445034839608525e+03
5.395928026220771244e+03
5.400075730841451332e+03
5.409780316729805236e+03
5.427985193320615508e+03
5.445106968961747043e+03
5.459645259885748601e+03
5.488818738582189326e+03
5.518024183466613067e+03
5.563592120835310197e+03
5.606512384433404804e+03
5.645141669236732014e+03
5.664522131940794679e+03
5.219090823144138085e+03
5.228050691096579612e+03
5.237561626934202650e+03
5.267827555557485539e+03
5.306742353212855051e+03
5.343745015062557286e+03
5.367518809128525390e+03
5.381039595702941369e+03
5.385803084741382918e+03
5.388187605650202386e+03
5.387487273937324971e+03
5.387560468993447103e+03
5.395850123433313456e+03
5.408559150427152417e+03
5.418790668985231605e+03
5.429175163905155387e+03
5.449410483316083628e+03
5.477126601479133569e+03
5.524373919644973284e+03
5.584235215593127577e+03
5.625196427513370509e+03
5.650146691743462725e+03
5.205245297539921012e+03
5.216314554985783616e+03
5.231398122550654080e+03
5.264023979956993571e+03
5.307383839095002259e+03
5.346452010931930090e+03
5.372868718727491796e+03
5.388493691229883552e+03
5.392639976534635025e+03
5.397896622164377732e+03
5.398733719446770010e+03
5.399488559200870441e+03
5.403839892425477956e+03
5.410587463035082692e+03
5.416900835360033852e+03
5.425059563342000729e+03
5.421023646082329833e+03
5.454123445153432840e+03
5.507853211842249948e+03
5.561669580086692804e+03
5.610603916456589104e+03
5.641791338832341353e+03
5.203578290235648637e+03
5.210964366638859246e+03
5.233390199189282612e+03
5.268972560763861111e+03
5.313477711284190264e+03
5.351360991819470655e+03
5.381052696504575579e+03
5.399643846810139621e+03
5.408273364919707092e+03
5.412690122873509608e+03
5.416013045991886429e+03
5.422299512506053361e+03
5.423932037757322178e+03
5.418155816894234704e+03
5.420359962248129705e+03
5.419689675523803999e+03
5.420570877339485378e+03
5.445770596932668923e+03
5.492414092443778827e+03
5.546703188558843976e+03
5.594900725101388161e+03
5.634620869384075377e+03
5.208940032493714170e+03
5.221860430465608260e+03
5.244658592661993680e+03
5.282404853732777156e+03
5.323216299636619624e+03
5.360390581885581014e+03
5.390314649648003069e+03
5.411599526576806966e+03
5.425488786664126565e+03
5.432064905209692370e+03
5.435433774475413884e+03
5.440426803165177262e+03
5.438123333097903014e+03
5.431810262268430051e+03
5.426499722908859439e+03
5.419862149302059152e+03
5.414202890500140711e+03
5.438566129108062341e+03
5.481316494510384473e+03
5.531869361647564801e+03
5.577107121884083426e+03
5.624658109403587332e+03
5.217674275576150649e+03
5.238692042194878013e+03
5.257439685621941862e+03
5.296527087836553619e+03
5.333600266878892398e+03
5.365719196651913990e+03
5.400085442090941797e+03
5.428277965201195002e+03
5.446494226962369794e+03
5.454678275291153113e+03
5.456125667587365569e+03
5.453139901909408763e+03
5.445239096042199890e+03
5.436583498445560508e+03
5.424985239013140927e+03
5.415105905897148659e+03
5.405053525015770902e+03
5.423901733813910141e+03
5.463799267062363469e+03
5.511009436361861844e+03
5.555922878227520414e+03
5.613209888587072783e+03
5.218428219088369588e+03
5.242385097406401655e+03
5.271204229011439566e+03
5.309478951082529420e+03
5.342834401861205151e+03
5.376874429385679832e+03
5.414352667038435357e+03
5.449940733818998524e+03
5.471384415053816156e+03
5.479148287093360523e+03
5.477801125205782228e+03
5.470536213621517163e+03
5.457287515925775551e+03
5.443452151094623332e+03
5.431853533195019736e+03
5.414617393075975997e+03
5.398511140328349938e+03
5.409548739198296062e+03
5.444726623362559621e+03
5.490471395905064128e+03
5.539718212997195224e+03
5.607233683602456040e+03
5.213694307096489865e+03
5.239964432847568787e+03
5.271865957099623301e+03
5.317141529184991668e+03
5.357807941035738622e+03
5.396162916626091828e+03
5.438276729975667877e+03
5.473765915910463264e+03
5.495859907473533895e+03
5.503771525656517042e+03
5.502249966850695273e+03
5.493817676166434467e+03
5.480175314767036070e+03
5.467245035157139682e+03
5.452472558677604866e+03
5.432677109527592620e+03
5.407597802725606016e+03
5.408447343245429693e+03
5.432890456739749425e+03
5.484803172795303908e+03
5.539180257318579606e+03
5.607245374032982909e+03
5.196871809306527211e+03
5.223194947903553839e+03
5.272586055050731375e+03
5.332248721127605677e+03
5.386817483161073142e+03
5.430430960865781344e+03
5.465475144212170562e+03
5.500020019169185616e+03
5.520091318104219681e+03
5.529422173149683658e+03
5.531575742431520666e+03
5.524275544871161401e+03
5.513723531542662386e+03
5.507916286501762443e+03
5.499159390616639939e+03
5.471828262364061629e+03
5.445238293419929505e+03
5.434293689853842807e+03
5.455544552625822689e+03
5.506201512885996635e+03
5.561574818106858402e+03
5.613858694371726415e+03
5.164971170768749289e+03
5.219338757701737450e+03
5.288660784586239970e+03
5.356446301517525171e+03
5.419143612674013639e+03
5.458369997008504470e+03
5.486808038589054377e+03
5.515760526057943935e+03
5.541143657262162378e+03
5.556346144071279014e+03
5.557161662219877144e+03
5.556195173236053051e+03
5.556955203292724036e+03
5.560644680158258780e+03
5.556768276444156072e+03
5.527541182034944541e+03
5.495370287723215370e+03
5.481414452814161450e+03
5.501348538237267348e+03
5.552741784662867758e+03
5.610151588294454996e+03
5.661902858289537107e+03
5.141351111601599769e+03
5.212742718921714186e+03
5.306012623289851035e+03
5.383110460352242626e+03
5.438459979946540443e+03
5.472760163071271563e+03
5.495781021763785247e+03
5.524949337236866086e+03
5.554120492740838927e+03
5.578891922246487411e+03
5.590256744467159479e+03
5.595186599723706422e+03
5.607560086549101470e+03
5.615834427637093540e+03
5.614725267581358821e+03
5.588509041802906722e+03
5.556652427466275185e+03
5.548682535099243069e+03
5.567276067834033711e+03
5.616706389160279286e+03
5.667255308897724717e+03
5.716000425063525654e+03
5.140354793452771446e+03
5.222086294595960680e+03
5.325016093210989311e+03
5.397314080596634994e+03
5.445887674370158493e+03
5.477173396576411506e+03
5.499854824448753789e+03
5.530745485532898783e+03
5.567704266574723079e+03
5.597176375364428168e+03
5.618976456697294452e+03
5.636550767148144587e+03
5.647247520833767339e+03
5.658119063756957075e+03
5.654962677932275255e+03
5.640017196735797370e+03
5.625271770133350401e+03
5.623356035811591028e+03
5.651252725077047216e+03
5.688982777680987965e+03
5.732264899281649377e+03
5.775181509528319111e+03
5.174235556855833238e+03
5.260256504124836283e+03
5.350887900931661534e+03
5.415962442988091425e+03
5.454299245214621806e+03
5.483117462024927590e+03
5.514212057719441873e+03
5.546515989317626008e+03
5.581738657477445486e+03
5.616430076380731407e+03
5.639372358598167921e+03
5.662368876975174317e+03
5.671639953639091800e+03
5.688428551161642645e+03
5.696655318216754495e+03
5.688589753375182227e+03
5.688029068507414195e+03
5.697886317647127726e+03
5.719291487295137813e+03
5.752129394028140268e+03
5.788401372988763796e+03
5.824083610685755048e+03
5.221896372848666033e+03
5.305262395059387927e+03
5.380351926044135325e+03
5.432370060802578337e+03
5.469613373594474069e+03
5.501536063793047106e+03
5.539642852283957836e+03
5.571238999263069672e+03
5.599783874639509122e+03
5.633747664378415720e+03
5.656977686482266108e+03
5.680686905641665362e+03
5.695092559895274462e+03
5.712844000022023465e+03
5.728808124971574216e+03
5.737558238649965460e+03
5.748554902253099499e+03
5.756154220644670204e+03
5.772321066894382056e+03
5.796310283228795925e+03
5.826133713847793842e+03
5.854223907133346984e+03
5.266220464896972771e+03
5.344372622023249278e+03
5.406684618593931191e+03
5.450566022337336108e+03
5.484050241624160662e+03
5.527901589524230076e+03
5.568785393560149714e+03
5.596752750775835011e+03
5.622768395330564999e+03
5.649082350149440572e+03
5.675476476321562586e+03
5.701902733145743696e+03
5.713197440084477421e+03
5.732551797836979858e+03
5.754158712598969032e+03
5.775294924120522410e+03
5.790199314227987088e+03
5.801436838697592975e+03
5.808179421565236225e+03
5.823799711648775883e+03
5.846868942084662194e+03
5.868403060119538168e+03
5.297592723792296056e+03
5.371404999601122654e+03
5.432134382150203237e+03
5.465824962146658436e+03
5.515268196085040472e+03
5.559054321305082340e+03
5.591730730125116679e+03
5.619526605188340000e+03
5.647149277434143187e+03
5.673569862949158960e+03
5.697956401371190623e+03
5.720214291696720466e+03
5.735694348515790807e+03
5.756349538941878563e+03
5.779969019194080829e+03
5.798865853618865913e+03
5.814305136713674074e+03
5.828017430338444683e+03
5.831925939831765390e+03
5.840624575145897325e+03
5.851438347370733027e+03
5.867992771423726481e+03
5.317217441501197754e+03
5.395689121842523491e+03
5.429069264122598724e+03
5.496868506006160715e+03
5.547763565950883276e+03
5.585314493567027966e+03
5.616957782241631321e+03
5.642604259179086512e+03
5.668986696153900084e+03
5.694760354526536503e+03
5.718285116595218824e+03
5.737580421158851095e+03
5.759136932228451769e+03
5.776672232523447747e+03
5.797823800621289593e+03
5.818921965120392088e+03
5.832997885178391698e+03
5.843325795029690198e+03
5.847049172788593751e+03
5.846400007781995555e+03
5.853147674119553812e+03
5.862156778922675585e+03
5.321218907551146003e+03
5.405279990859455211e+03
5.452160503219152815e+03
5.522751801050124413e+03
5.575511971583908235e+03
5.610343760743196071e+03
5.640757790526761710e+03
5.666207616219004194e+03
5.689245139366805233e+03
5.709978583637011070e+03
5.732245982685089984e+03
5.752036830168533015e+03
5.777139968794547713e+03
5.793547397493569406e+03
5.812341317707268900e+03
5.832092225364367550e+03
5.846448556403546718e+03
5.856791672209019453e+03
5.859842178790703656e+03
5.857813077017559408e+03
5.855800003498577098e+03
5.855485560220767184e+03
5.331325614826526362e+03
5.411658834988511444e+03
5.481033775437103031e+03
5.540575613342726683e+03
5.593109169123001266e+03
5.630092002515539207e+03
5.660962440092709585e+03
5.685547971539484024e+03
5.705732394403325088e+03
5.724782834089553944e+03
5.744650889224808452e+03
5.761815879716677046e+03
5.785636101337569926e+03
5.807042849652890254e+03
5.823711704559228565e+03
5.840353123567280818e+03
5.853845066599183156e+03
5.865727904841975032e+03
5.871902775195750110e+03
5.870309626763216329e+03
5.860228833679204399e+03
5.859529426516652165e+03
5.347060421262322052e+03
5.434510952729498968e+03
5.501804729412923734e+03
5.560624750616741949e+03
5.606828137880655959e+03
5.639607619280263862e+03
5.672043038816478656e+03
5.697397870425122164e+03
5.718021842195380486e+03
5.736158385980534149e+03
5.755728595265046351e+03
5.772680044860675480e+03
5.792079947928516958e+03
5.812131735114478943e+03
5.829252038133683527e+03
5.842771745524654762e+03
5.856788999211293230e+03
5.867956242445000498e+03
5.876358655412168446e+03
5.870586566864379165e+03
5.868189663963034945e+03
5.864059509978275855e+03
5.373029351379007494e+03
5.459284488175806473e+03
5.521582339469480758e+03
5.571812344163348826e+03
5.611843275777579038e+03
5.641917362582775240e+03
5.671146066121224067e+03
5.698476212645103260e+03
5.722849275233360459e+03
5.745704554846298379e+03
5.764126258988718291e+03
5.781707028049839209e+03
5.800130703823704607e+03
5.816495730882071257e+03
5.831297770021905308e+03
5.843657648879777298e+03
5.856593773934175260e+03
5.869393302223580577e+03
5.877042957537259099e+03
5.875358305193294655e+03
5.874435392365222469e+03
5.874777047409097577e+03
5.411798280538092513e+03
5.477736414458054242e+03
5.532459347102789252e+03
5.576152073598255811e+03
5.607124473205806680e+03
5.636291348252335411e+03
5.662958308185295209e+03
5.694198714653496609e+03
5.722046794381508334e+03
5.751322067170552145e+03
5.772023244967801475e+03
5.789870602459967813e+03
5.805784881653317825e+03
5.818819297962459132e+03
5.832029961487396577e+03
5.846551801178463393e+03
5.859946527804934703e+03
5.870705919766078296e+03
5.878802342355961628e+03
5.880193352514748767e+03
5.878512243600790498e+03
5.875133601234894741e+03
5.442103996570834170e+03
5.495367802988129370e+03
5.542133675628238052e+03
5.580767719668064274e+03
5.601208323493084208e+03
5.631319624083533199e+03
5.656905371042754268e+03
5.688639844431610072e+03
5.719766414318431089e+03
5.752363412175586745e+03
5.776095158911547514e+03
5.793307218394385927e+03
5.806609078901785324e+03
5.823270540867338241e+03
5.836927435413280364e+03
5.854356079375185800e+03
5.867113532146937359e+03
5.876393803902498803e+03
5.881190469622187265e+03
5.881316757375667294e+03
5.878300951336658727e+03
5.875258174838203558e+03
5.470085205975554345e+03
5.508126078080123079e+03
5.546825430729513755e+03
5.579733560532301453e+03
5.588054530607065317e+03
5.613160155186212251e+03
5.634994507622620404e+03
5.663820252648220958e+03
5.703883968297020147e+03
5.737839876754122997e+03
5.766797107946994402e+03
5.794955276888318622e+03
5.815189158304296143e+03
5.827918500326741196e+03
5.847755854967349478e+03
5.864259960989597857e+03
5.877337744263120840e+03
5.883944904751381728e+03
5.885994191314493037e+03
5.884495572593668840e+03
5.880745541835393851e+03
5.876833193455783658e+03
