2.895053222138812998e+00
1.273144090931236860e+01
1.929848269194008026e+01
1.853319676968658314e+01
2.608754710674020316e+01
3.301084627693853690e+01
3.885242259541155363e+01
4.053076324855373969e+01
3.960620765076419048e+01
3.882172847694801021e+01
3.595481055698837736e+01
3.841820284234381688e+01
4.683182732355180633e+01
5.519343022792327247e+01
6.101891179182803171e+01
6.647252967796248413e+01
6.779742689804879774e+01
6.548514185614567396e+01
6.157346491085081652e+01
5.467934875866467337e+01
4.693315464033730677e+01
3.845026858674918913e+01
-5.825723264093539910e+00
2.741661582351298421e+00
1.745895639684931666e+00
1.482790912857126386e+00
8.089524554331546824e+00
1.464615361424057483e+01
2.099561574674589792e+01
2.349524733101407037e+01
2.344390048607419885e+01
2.240482422155218956e+01
2.299390120404314075e+01
2.567472612912206387e+01
3.290442625246032549e+01
4.595479704342687910e+01
5.268196881635049067e+01
5.967836493787308427e+01
6.035811551544975373e+01
5.987096345760710392e+01
5.668285468452813802e+01
5.364362927546972060e+01
4.919962089024375018e+01
4.306268367812208453e+01
-1.387360600808824529e+01
-1.225970415444135142e+01
-1.402084748307152040e+01
-1.578187206378515839e+01
-9.467986780158753390e+00
-1.980387341852292593e+00
3.884984244553379540e+00
7.081524930600608059e+00
3.900603647725802148e+00
4.819935353662003763e+00
5.384139203039921995e+00
6.579506303580274107e+00
1.255939956127167534e+01
2.522964753250744252e+01
3.332478241096032434e+01
3.813338566579204780e+01
4.118206859965630429e+01
4.378794815061337431e+01
4.308287000267955591e+01
4.574196929592744709e+01
4.700736970443722385e+01
4.426628856968181935e+01
-2.198460991613046644e+01
-2.206906307436474890e+01
-2.649683542503225908e+01
-2.778877750042192929e+01
-1.898448193742933654e+01
-1.202511684064666042e+01
-6.895395984260176192e+00
-5.182384890276807710e+00
-9.931098010742061888e+00
-1.070710445609074668e+01
-1.176117911554047168e+01
-1.301942509672517190e+01
-8.907055152053544589e+00
2.409974406837136485e+00
8.394803769307145558e+00
1.168406960165066266e+01
1.408662537427244388e+01
1.367045632655936060e+01
2.233754813690211449e+01
3.344069668749671109e+01
4.294286146263311821e+01
4.643441797522245906e+01
-2.705084139373138896e+01
-2.847724025878051179e+01
-3.137969158508258261e+01
-2.756061938556649693e+01
-1.998235225107146107e+01
-1.227133786218928435e+01
-7.788309754224428616e+00
-6.210572919794685731e+00
-1.266662427599931107e+01
-1.865467545136471017e+01
-2.387509711587426864e+01
-2.541277424203326518e+01
-2.261256040223452146e+01
-1.346003440284857788e+01
-8.915372052591010288e+00
-1.268286842805537162e+01
-1.001527210502990783e+01
-1.381037269642729370e+01
9.076344295317539945e-02
1.896180200297385454e+01
4.203966080463669641e+01
5.252686143880055170e+01
-2.982288897368289327e+01
-2.883298246666709019e+01
-3.147462677660314512e+01
-2.307999308094986191e+01
-1.443646886503847782e+01
-5.492545296479875105e+00
-2.184985952129864017e+00
-4.905190743414095778e+00
-1.268936871928235632e+01
-1.782987461484208325e+01
-2.313557396142823563e+01
-2.753028783210356778e+01
-2.482769984380956885e+01
-1.933660108540880174e+01
-1.932724200473512610e+01
-2.510867904102269677e+01
-2.975104505892613815e+01
-3.318615109921302064e+01
-1.615658911467107828e+01
1.963986474726698361e+01
4.415159501927701058e+01
5.938498775153220777e+01
-2.925309231484061456e+01
-2.804548117965532583e+01
-2.607903511647782580e+01
-1.723546187650936190e+01
-7.914350954443762021e+00
-9.875350031661582761e-01
1.547936785045749275e+00
-1.521807244671435910e+00
-1.064202161044249806e+01
-1.260927303247535747e+01
-1.573039015721315081e+01
-1.827558996034440497e+01
-1.749836923190923699e+01
-1.513101538702267135e+01
-1.567102745088777738e+01
-2.019869738236866397e+01
-4.598412095332059835e+01
-4.126875590521558479e+01
-1.534563787638398935e+01
1.606771931449929980e+01
4.938372218959648308e+01
7.102425634420887945e+01
-2.354735196400542918e+01
-2.826296821527830616e+01
-2.211479340128789772e+01
-1.391308656794808485e+01
-5.973832321556983516e+00
-2.013760214285866823e+00
6.986319291072504711e-01
-2.293613574624032481e+00
-7.825301650929759489e+00
-1.084882962415304064e+01
-1.160140924181723676e+01
-7.725331871306480025e+00
-7.177400399172256584e+00
-1.384288039522016334e+01
-1.452675923805963976e+01
-2.345041370309354534e+01
-4.017665042854423518e+01
-4.089504878915522568e+01
-2.078518275956594152e+01
1.219089620504746563e+01
4.562693297598161735e+01
7.599749934567626042e+01
-1.785146688518034352e+01
-1.944286672778252978e+01
-1.907245724091626471e+01
-1.446399217407997639e+01
-1.014089034538028500e+01
-4.311387039117107634e+00
-2.509776161323316046e+00
-5.974599931446391565e+00
-8.099656116718506382e+00
-9.918124961116518534e+00
-1.088163089252702775e+01
-7.062235742992925225e+00
-7.624056936059787404e+00
-1.125176842627024598e+01
-1.547800877121699159e+01
-2.548359350606187945e+01
-4.328794140870104457e+01
-4.128001534957184049e+01
-2.402486006857361645e+01
5.447444051520506036e+00
3.599035147409176716e+01
7.363044388771322701e+01
-1.274390052005855978e+01
-7.912334806732360448e+00
-1.592446479001773696e+01
-1.344277015697662137e+01
-1.174277714815980289e+01
-9.037988585270795738e+00
-4.985200248141154589e+00
-6.711427919213747373e+00
-7.936285056674933003e+00
-9.007491056603612378e+00
-1.096057147258397890e+01
-1.289144229812063713e+01
-1.623090558452167897e+01
-1.930630445678616525e+01
-2.674252345209515624e+01
-3.585735053960979712e+01
-5.218823905064618884e+01
-5.016564572334846162e+01
-3.332501609398241271e+01
-7.143237960023725464e+00
2.210154651251832547e+01
6.725907253753757686e+01
-1.615351138255573460e+01
-8.218626001524171443e+00
-5.536621747005483485e+00
-4.441285956039791927e+00
-9.095709375374099181e+00
-8.404777315316096065e+00
-6.480538616475314484e+00
-5.917917281788504624e+00
-5.924106839453997964e+00
-6.532374640762100171e+00
-9.113926717132017075e+00
-1.306370430681363359e+01
-1.995744792262576084e+01
-2.676081748342221545e+01
-3.271560257511555392e+01
-4.692134089594037505e+01
-6.501998753805128217e+01
-6.505132935387973703e+01
-4.932610495687004004e+01
-2.469592599685802270e+01
6.233293961567142105e+00
5.657646579364609352e+01
-2.378516407893039286e+01
-1.339025674463664473e+01
-7.236810528374917340e+00
-1.738643144627531001e+00
-6.252138565744644438e+00
-9.139134420282061910e+00
-7.021754263229013304e+00
-6.441696830984255939e+00
-3.942226395806756045e+00
-2.502764364740869496e+00
-3.783633448596447124e+00
-8.302666381395283679e+00
-1.581633652150594571e+01
-2.218930827334406786e+01
-3.163868922315123200e+01
-4.819956569676833169e+01
-7.349412229284553177e+01
-7.998938150266985758e+01
-7.251776240750314173e+01
-4.357675773931077856e+01
-1.304147999008273473e+01
3.047338255561680853e+01
-3.990842667488686857e+01
-3.295219282498146640e+01
-1.543919841080787592e+01
-4.924493018680550449e+00
-4.268831942776159849e+00
-5.492693852567754220e+00
-7.728166338871233165e+00
-2.844096581950907421e+00
-6.503646006603958085e-02
2.554610284080808924e+00
3.585414602202035894e+00
-2.096896718157040596e+00
-9.319198287254039315e+00
-1.100025727862339409e+01
-1.607681679047436774e+01
-4.101183106789630983e+01
-6.741606399065040023e+01
-8.381596343635101221e+01
-7.859660230029567174e+01
-5.387470194506022381e+01
-2.784949109186254645e+01
-4.349586809611537319e+00
-6.401384451291778532e+01
-3.976658696045342367e+01
-1.914340942020680814e+01
-1.408658512969850563e+01
-5.784986290880624438e+00
-4.725267033785712556e+00
-6.706327851187779743e+00
-3.994829414290506975e+00
2.458859649595069641e+00
6.598595657694204419e+00
1.277125631610033452e+00
-3.132003672200880828e+00
-3.525074330013012514e+00
1.100040034511948761e+00
-7.790631250563819776e-01
-2.815498426525846298e+01
-5.997281990577903343e+01
-7.842468922931675479e+01
-7.347621121485553886e+01
-4.862325871331813687e+01
-2.178776079657291120e+01
1.899984625428260188e+00
-7.945230051498401735e+01
-5.112678695310387411e+01
-2.678847866313208215e+01
-1.949004955257714755e+01
-1.015215242393605877e+01
-6.005672889569723338e+00
-1.053526847856392124e+01
-9.133985714654045296e+00
-3.804513343048711249e+00
3.422271003015339375e+00
2.432829474611025944e+00
-9.676311619978150702e-01
6.768642732720763888e+00
1.340359899629311258e+01
1.239371980112991878e+01
-1.341612622948196076e+01
-4.628220592338038841e+01
-5.944162556949595455e+01
-5.467483265671489789e+01
-2.953728764713287092e+01
-7.294926658145413967e+00
1.597106011237247003e+01
-8.648693888882371539e+01
-5.516460454494972510e+01
-2.753625567235667404e+01
-2.196159505605464801e+01
-1.366238468285519048e+01
-1.173755087370318506e+01
-2.024482771855946339e+01
-2.186871614545179909e+01
-1.298117240500323533e+01
-5.011880882521836611e+00
1.116708802247558197e+00
8.113009430059719307e+00
1.216964884357821575e+01
1.853189977503279806e+01
1.173348936715228774e+01
-6.688156940195767675e+00
-2.585966675638701417e+01
-3.503321495822092402e+01
-2.014435340036197886e+01
-3.140776387544974568e+00
1.583703573734874226e+01
3.682371667149527639e+01
-7.217715858127394313e+01
-3.941035160954561434e+01
-1.736364730091190722e+01
-1.067078242315892567e+01
-1.252987367257446749e+01
-2.007648149765645940e+01
-2.850084956113823864e+01
-3.200719379264046438e+01
-2.407518108336262230e+01
-9.952292777828915860e+00
-2.675977734257685370e+00
8.797958138633475755e+00
8.973414178361963423e+00
1.699456280930553476e+01
1.638067550950108853e+01
1.027122984214656753e-01
-8.267052281004907854e+00
-7.192125356931683200e+00
2.389175527659062936e+00
1.859599428242199792e+01
3.557207985548848228e+01
5.389981140745749144e+01
-4.973111053651155089e+01
-1.838066997937949054e+01
-2.687652775463902799e+00
-3.594274915873029386e+00
-1.145708431527873472e+01
-2.627043020992459788e+01
-3.342530207056279323e+01
-3.491579821503455605e+01
-2.863013685489386262e+01
-1.207157641403773596e+01
-3.631101898563429131e+00
7.259204846395732602e+00
9.046900757929506653e+00
1.313276754790786072e+01
1.576448841377532517e+01
1.322859174387940584e+01
1.475046102294618322e+01
1.335225748165612458e+01
1.948636831297335448e+01
3.109312337666960957e+01
4.692041696344131196e+01
6.231826116431602713e+01
-3.047027934810284933e+01
-6.973344104208081262e-01
7.355779560095470515e+00
-3.705898033856101392e+00
-2.361419376842331985e+01
-3.159618740063069708e+01
-3.264156330026071373e+01
-3.175922657882256317e+01
-2.390040969495839818e+01
-1.287171558520185499e+01
-9.076628210113995010e-01
1.097904987248239195e+01
6.019835518448417133e+00
7.887798980352272338e+00
1.397071360823974828e+01
2.300201303887297399e+01
2.816379746278653329e+01
3.080029610095425596e+01
2.930980357834050665e+01
3.638482984034908441e+01
5.043420608662927407e+01
6.343657395376339991e+01
-2.441970781679628999e+01
3.427737539164809277e+00
8.611550666877519689e+00
-1.981440801101507532e+01
-2.805374914163257927e+01
-3.079484988004423940e+01
-3.145527202680386836e+01
-2.612438332132478536e+01
-1.526683877927007416e+01
-3.709560534741285664e+00
5.911839942757069366e+00
1.177656288613434299e+01
8.003544774437614251e+00
9.142149392365354288e+00
1.709952730069380777e+01
2.442830046838025737e+01
3.054296653223809699e+01
3.629784727219794149e+01
3.356505878254574782e+01
3.680311145285213570e+01
4.288339961667588796e+01
5.481662051088915177e+01
-3.381591791016944626e+01
-2.664270171648240648e+00
-2.923709795405193290e+01
-2.643616634085083206e+01
-2.799758586697953433e+01
-2.708510762093555968e+01
-2.186310931616117159e+01
-1.672113324687052227e+01
-7.481757463840040145e+00
2.789067042090209725e+00
1.070514380650183739e+01
1.180152179764081666e+01
1.174788720955893950e+01
8.704528240956278751e+00
1.466936770044867444e+01
2.506427229797463951e+01
3.064816090067233745e+01
3.404731805589472060e+01
3.267989990784190013e+01
2.886257916315207694e+01
3.404458983583572262e+01
4.207783790613575547e+01
-5.910347024527527537e+01
-2.589612632363787270e+01
-3.955688939876927179e+01
-2.842049730182407075e+01
-1.991528014168397931e+01
-1.528744054344224423e+01
-8.336123938087439456e+00
-3.511313914980746631e+00
1.048184612574914354e+00
5.127016806748542876e+00
1.085737173333200190e+01
1.126891256837006949e+01
1.335783521503799420e+01
8.348078505583544029e+00
1.190159873925585998e+01
2.130349035624476528e+01
2.784868468317836232e+01
3.226550074455371941e+01
3.148234292140296020e+01
2.772120167362481880e+01
2.586772033432043827e+01
2.713540085669774271e+01
-7.300817253488548886e+01
-4.589598816131729109e+01
-3.325853400633059209e+01
-2.504359045051387511e+01
-1.091403597403495951e+01
-1.541859013396788214e+00
6.324163853757454490e+00
8.957533138356666313e+00
8.563782875738070288e+00
9.326024771396077995e+00
1.180498370216810144e+01
9.413236431621953670e+00
1.030488856159263378e+01
9.965000761823830544e+00
1.085701684742434736e+01
1.686114221888783504e+01
2.253828756638176856e+01
2.855466009782503534e+01
3.085366729220277193e+01
2.736272165353329910e+01
1.715971243028889148e+01
1.811321699577365507e+01
-7.699288983901806205e+01
-4.278235143238634919e+01
-2.682729967736304388e+01
-1.200001384742608934e+01
4.920881230646045879e-02
6.515143038706810330e+00
1.564527349878426321e+01
1.724605161563977163e+01
1.460052378219825187e+01
1.234237579141426977e+01
1.368394390940557059e+01
1.153354348168249999e+01
9.134198828633088851e+00
7.768617946253471018e+00
8.547124927565164398e+00
1.085239717311742424e+01
1.656224477683099394e+01
2.101646996237104759e+01
2.398768612346702866e+01
1.405765761534075864e+01
8.704105187653112807e+00
2.800517460083028709e+00
-6.825626902352178149e+01
-3.221275306940424343e+01
-1.548709997988407849e+01
-3.595118639161228202e+00
5.321596418512854143e+00
9.934825531786373176e+00
1.546427159427275910e+01
1.727140466560467758e+01
1.552019160137479048e+01
1.565283648283093498e+01
1.499300782362843165e+01
1.403761140893493575e+01
1.195007367752350547e+01
7.473420008882385446e+00
5.439239845482006785e+00
5.802174429520164267e+00
9.591357137915110798e+00
1.461890937621410558e+01
1.554761707882971677e+01
8.416544972237716138e+00
3.474479755926040525e+00
1.097800228201776918e+00
-4.401989401210903452e+01
-2.167286349356891151e+01
-6.824232305565601564e+00
1.971644813143939245e+00
3.140835361092285893e+00
6.924253951266109652e+00
9.301800757983983203e+00
1.339747047432501859e+01
1.243027402052575781e+01
1.672268049478770990e+01
1.755231182306852133e+01
1.735659258099167346e+01
1.375270106660627789e+01
6.232173269191662257e+00
1.819999194835872913e+00
3.156993753711503814e+00
6.347964071693240840e+00
8.803803372768925328e+00
1.043932100220627035e+01
7.299160648538418172e+00
2.743828032350393187e+00
-2.342536357106837386e+00
-2.508900685693060950e+01
-6.022308573527880071e+00
6.789620488693799416e+00
1.215018118967145710e+01
2.126464979515731102e+00
5.755932680845944560e+00
6.033958735441956378e+00
9.064440856415785674e+00
8.903865583601145772e+00
1.442740569875604706e+01
1.762483557734594797e+01
1.723228048833607318e+01
1.154487393858926225e+01
7.080646434334084915e+00
1.473465149690127873e+00
4.213470972221330157e+00
6.311098464223505289e+00
8.092207698690799589e+00
7.988916941859315557e+00
5.166967606912294286e+00
4.753499140924759558e-01
-3.498473988619480224e+00
-5.496490513477510831e+00
8.260598113099149487e+00
1.965775873083475744e+01
2.067815832961787237e+01
-3.611074609874776797e+00
-7.302642431617641705e+00
-1.184388456920441968e+01
-1.233543447875763377e+01
-5.230968962388033106e+00
-7.283159876587887993e-01
6.298408356567051669e+00
1.661952772302447556e+01
1.738808585854803823e+01
6.807699713544025144e+00
4.790667550900252536e+00
5.914389758511788386e+00
9.582471783039181901e+00
1.072768196957895270e+01
9.720912184313419857e+00
6.556842667298042215e+00
1.905838089438475436e+00
-2.499716574962803861e+00
