5.318090340357029163e+03
5.341175456172441045e+03
5.366122363833669624e+03
5.395760117976142283e+03
5.423668455823247314e+03
5.450661634788812989e+03
5.472522741140948710e+03
5.489351329210883705e+03
5.499409982232715265e+03
5.496706495348081262e+03
5.503134016994339618e+03
5.515947561300813504e+03
5.535319625357293262e+03
5.573582097712500399e+03
5.602901268235355019e+03
5.626959164537893230e+03
5.642719845686054214e+03
5.657582057297940992e+03
5.667799890638319994e+03
5.681335140875363322e+03
5.682210816997730944e+03
5.677446724631939105e+03
5.294843733287021678e+03
5.312689267520834619e+03
5.340059165760085307e+03
5.364445664162241883e+03
5.391721569153402015e+03
5.420619260061489513e+03
5.445917835705328798e+03
5.466560310719906738e+03
5.482441928634318174e+03
5.488422970835749766e+03
5.493668009859833546e+03
5.509312765773535830e+03
5.525182023492633562e+03
5.553844589263209855e+03
5.580397524944840370e+03
5.604205682097195677e+03
5.624956720367405978e+03
5.647599880457935797e+03
5.667775724843404532e+03
5.680400547628565619e+03
5.684021351240930017e+03
5.680983232964426861e+03
5.277889651358000265e+03
5.283315214202679272e+03
5.304239594844044404e+03
5.328148493511718698e+03
5.354814668952044485e+03
5.384950862223093282e+03
5.412558751183259119e+03
5.435378426442671298e+03
5.451962839802203234e+03
5.463366250946433865e+03
5.469680555925077897e+03
5.479826067225549195e+03
5.495925655112545428e+03
5.519543320502435563e+03
5.541592274541530969e+03
5.564220877948216184e+03
5.590540884359451411e+03
5.618703891966568335e+03
5.647165100283743413e+03
5.666947536939388556e+03
5.676500138204972245e+03
5.677866816253228535e+03
5.247355281882617419e+03
5.259237554694177561e+03
5.274135862529860788e+03
5.298950453830997503e+03
5.330720709032761988e+03
5.361305004308169373e+03
5.390616190430783718e+03
5.405903754368859154e+03
5.416085094420661335e+03
5.429445878799868296e+03
5.432616346378138587e+03
5.439623146785758763e+03
5.453755217779124905e+03
5.471073768242884398e+03
5.493447787245907421e+03
5.512563664950305792e+03
5.540050131019292166e+03
5.574656158346592747e+03
5.611577190475084535e+03
5.640193573532134906e+03
5.664112932889737749e+03
5.677011531843670127e+03
5.251387241076557984e+03
5.241085980320093768e+03
5.255962674540121952e+03
5.281985157681558121e+03
5.317012009863576168e+03
5.351114576199798648e+03
5.373319850017650424e+03
5.384913234182141423e+03
5.396213952319224518e+03
5.397587322008394949e+03
5.398588125837155530e+03
5.402914630260322156e+03
5.409393029130690593e+03
5.422639905722520780e+03
5.444918800541937344e+03
5.458910144808640325e+03
5.484082438841919611e+03
5.521094692293670960e+03
5.563561750401437166e+03
5.605748915036694598e+03
5.644163232756661273e+03
5.637418999971594531e+03
5.211575565384552647e+03
5.224689710169182945e+03
5.240353092049485895e+03
5.268478531800509700e+03
5.307702500441134362e+03
5.345324537401617818e+03
5.368890264867377482e+03
5.378930092865311053e+03
5.385400885491107147e+03
5.387639247472970965e+03
5.388051937661246484e+03
5.389363375175517831e+03
5.395179534886587135e+03
5.405983325363862605e+03
5.425138079289587040e+03
5.432057708956953320e+03
5.445775393217572855e+03
5.477154421034102597e+03
5.524484517501575283e+03
5.566802418363567995e+03
5.610632027486807601e+03
5.616910110999218887e+03
5.197416848988811580e+03
5.215077549324483698e+03
5.231757248439453178e+03
5.261346291931937230e+03
5.303705972201217264e+03
5.344794110408844972e+03
5.372732121401730183e+03
5.385642438761598896e+03
5.393478930822947405e+03
5.396061771135641720e+03
5.397870257468168347e+03
5.398877649031885085e+03
5.402368793333267604e+03
5.408512223722326780e+03
5.415049159757362759e+03
5.418106332108690367e+03
5.432677827079436611e+03
5.452877870759411962e+03
5.503052255321071243e+03
5.560892686884651994e+03
5.602015971108628037e+03
5.627191472505770435e+03
5.190608491524652891e+03
5.212405084892923696e+03
5.230184848877510376e+03
5.265224139630058744e+03
5.308870062624454476e+03
5.347451588873467699e+03
5.377727455136629032e+03
5.398285689385468686e+03
5.408182410449279814e+03
5.411997728025375181e+03
5.417320056885146187e+03
5.423343829498838204e+03
5.419915127735642272e+03
5.422038966953031377e+03
5.421580284236880289e+03
5.418706419090898635e+03
5.428659131532180254e+03
5.445881641360365393e+03
5.497024407739923845e+03
5.548967882528776499e+03
5.591042266894825843e+03
5.617560699822926836e+03
5.194041544800978954e+03
5.213413767130811721e+03
5.238953167445661165e+03
5.277770416050781023e+03
5.320322787743646586e+03
5.356921832955914397e+03
5.386832090211843024e+03
5.409553644725827326e+03
5.424435471891854831e+03
5.432040238621092612e+03
5.436045214635557386e+03
5.438799028143794203e+03
5.439431954147134093e+03
5.431533596799105908e+03
5.426899395330114203e+03
5.430298191935207797e+03
5.419481824529306323e+03
5.435626368052165162e+03
5.479967109002241159e+03
5.533803947125177729e+03
5.574192466525641066e+03
5.600808723116756482e+03
5.203616352057243603e+03
5.222217680090194335e+03
5.252529238406839795e+03
5.293008986582023681e+03
5.333119961973816316e+03
5.368218447971677051e+03
5.396633955212659203e+03
5.424431088472070769e+03
5.444893051468999147e+03
5.454318451590764198e+03
5.454725095136226628e+03
5.455018091830193043e+03
5.447645953803907105e+03
5.434555178828383760e+03
5.424666879578208864e+03
5.417008289924548990e+03
5.414436433769309588e+03
5.422625226048985496e+03
5.468999911300045824e+03
5.511549609835185038e+03
5.546923479787016731e+03
5.572610534658522738e+03
5.214525666468646705e+03
5.231201521511226019e+03
5.260997291699214657e+03
5.301698612394538941e+03
5.341725639191871778e+03
5.377212843935666569e+03
5.411853273810781502e+03
5.448990575352928317e+03
5.476087236948955251e+03
5.480278876394942927e+03
5.476468900974348799e+03
5.472232973028683773e+03
5.454989989019043605e+03
5.440039217619038027e+03
5.433448168249025002e+03
5.432045170892579335e+03
5.411130688325519259e+03
5.412197723938742456e+03
5.445848227535082515e+03
5.491887572959260979e+03
5.530245170026060805e+03
5.542325791577954078e+03
5.210922271229002945e+03
5.237570361623354984e+03
5.268973217787221074e+03
5.311159528050601693e+03
5.355908009969458362e+03
5.396699032914018971e+03
5.437914686975363111e+03
5.472858786231309750e+03
5.494757815355733328e+03
5.508001912418006214e+03
5.501993068280800799e+03
5.493169110307427218e+03
5.481541328080483254e+03
5.468559684900661523e+03
5.456861861896273695e+03
5.457093525109658003e+03
5.404049555390156456e+03
5.408499592023672449e+03
5.443133968267858108e+03
5.488814691712341300e+03
5.534471194143510729e+03
5.577290580920790489e+03
5.189114252906524598e+03
5.226464429026379548e+03
5.281016386678325944e+03
5.330492996196152490e+03
5.384416186218551047e+03
5.428032235096496152e+03
5.464939124708224881e+03
5.495240220098555255e+03
5.515314691667196712e+03
5.533858982391221616e+03
5.530249459183401996e+03
5.524967800557506052e+03
5.516601827391425104e+03
5.510089147275059076e+03
5.503337605731786425e+03
5.469385235653516247e+03
5.446975114146708620e+03
5.435521473361361132e+03
5.461925818976606024e+03
5.513474333656524323e+03
5.567616226555594949e+03
5.617990924364970851e+03
5.163116217824543128e+03
5.209515292176638468e+03
5.275388190977519116e+03
5.366717542193059671e+03
5.420677783855972848e+03
5.456896622342783303e+03
5.481923940510238936e+03
5.509847654357993633e+03
5.534553319225571613e+03
5.554164946528239852e+03
5.560134870663991933e+03
5.557886745773002076e+03
5.551827787418080334e+03
5.559612484402835435e+03
5.561487288077324592e+03
5.531923633427092682e+03
5.494132700370969360e+03
5.482756245649082302e+03
5.503951719718023014e+03
5.554105909056495875e+03
5.612490791905643164e+03
5.649212104608388472e+03
5.125546842370695231e+03
5.197644547412337488e+03
5.288171359909372768e+03
5.400012537444973532e+03
5.446058673050481048e+03
5.474815284227696793e+03
5.496267112951325544e+03
5.526524611519778773e+03
5.552689880680337410e+03
5.580428172214785263e+03
5.592391519295035323e+03
5.594800847684332439e+03
5.598523969155864506e+03
5.610585746959121025e+03
5.613907439451321807e+03
5.589693908504469618e+03
5.555161944009269973e+03
5.549921408774749580e+03
5.572950979926382388e+03
5.620656333667831859e+03
5.670119440707583635e+03
5.709531655415189562e+03
5.134984382644225661e+03
5.196763226348186436e+03
5.290225326864964700e+03
5.392300785591009117e+03
5.457048917313149104e+03
5.481907263512193822e+03
5.504274914258618992e+03
5.535301155035213924e+03
5.565681794902227921e+03
5.600885549189839367e+03
5.620581486311202752e+03
5.631080729063463878e+03
5.643676627480478601e+03
5.657739672288292240e+03
5.653859823545800282e+03
5.632215691891913593e+03
5.619986726906141485e+03
5.631906178581490167e+03
5.642648303928343012e+03
5.683162832415577213e+03
5.742069759873730618e+03
5.769934937713926047e+03
5.164799559703750674e+03
5.245475752531358012e+03
5.320252866784730941e+03
5.398013823996219799e+03
5.461647028077496543e+03
5.492136219113813240e+03
5.523981057668137510e+03
5.553019946087351855e+03
5.580640216206142213e+03
5.615217514431120435e+03
5.646083155844736211e+03
5.657025118169102825e+03
5.684394674505231706e+03
5.681055833590494331e+03
5.700740986757454266e+03
5.683107556615334943e+03
5.688989832752488837e+03
5.697385232064125375e+03
5.711658128792959360e+03
5.755655328719934005e+03
5.798130199084997912e+03
5.823115480348953497e+03
5.211749166333159337e+03
5.293490663166197919e+03
5.358027112422933897e+03
5.432416860815646032e+03
5.471582310348404462e+03
5.511611640657534736e+03
5.550365827336953771e+03
5.570573006659496968e+03
5.596495150555276268e+03
5.625504323158445004e+03
5.655718616513879169e+03
5.683162945363523249e+03
5.695402438536355476e+03
5.709054537457639526e+03
5.724406951282699993e+03
5.744434004454707974e+03
5.758298434493618515e+03
5.756523083302477971e+03
5.764833724612754850e+03
5.774705646774973502e+03
5.829991198352990978e+03
5.853817893402893787e+03
5.265230893137398198e+03
5.343374639560108335e+03
5.398879120694499761e+03
5.446562743622897869e+03
5.492013479838103194e+03
5.534559517380449506e+03
5.570728863820265360e+03
5.596684443321197250e+03
5.622435088398877269e+03
5.650110118352116842e+03
5.668297052525975232e+03
5.699952432215784938e+03
5.714841867917331001e+03
5.732323112224058605e+03
5.751099739530088300e+03
5.772041944740294639e+03
5.785147258515384237e+03
5.798921035418523388e+03
5.806553075375729350e+03
5.824373553902639287e+03
5.844296679856728588e+03
5.863173055022734843e+03
5.298329175554868925e+03
5.369353240019660916e+03
5.410915200137459578e+03
5.473563698335606205e+03
5.522874782106423481e+03
5.562358390599826635e+03
5.591061713728678114e+03
5.621434963529024571e+03
5.647727245216740812e+03
5.672453538881673012e+03
5.698924751824243685e+03
5.719015408256102091e+03
5.736216159002347922e+03
5.755945055111680631e+03
5.775790709398504987e+03
5.797756145987639684e+03
5.816527064851890827e+03
5.822768936581896014e+03
5.828773172708496531e+03
5.833445469664281518e+03
5.848515982238556717e+03
5.863267815331165366e+03
5.305019035306062506e+03
5.375560559878572349e+03
5.427704928769069738e+03
5.505495958958723349e+03
5.546856517474479915e+03
5.581220144218240421e+03
5.612842505745094059e+03
5.641510520007831474e+03
5.669904486847524822e+03
5.696671729491859878e+03
5.717313483030943644e+03
5.737863320618605940e+03
5.759254148614910264e+03
5.778376492255985795e+03
5.793084452328650514e+03
5.817634189354261252e+03
5.833789722102753331e+03
5.843640812699178241e+03
5.847040935793073913e+03
5.846999674512768252e+03
5.845885721384328463e+03
5.865796916581242840e+03
5.318100773171373476e+03
5.387628635581553681e+03
5.459316027668262905e+03
5.517468863934010187e+03
5.567441725668751133e+03
5.609820244246580842e+03
5.639451670850893606e+03
5.667735549507284304e+03
5.687052824823165793e+03
5.711984315829823572e+03
5.732007261305636348e+03
5.753728104234827697e+03
5.775833022024296952e+03
5.795434725738135057e+03
5.810254443875637662e+03
5.831364515822922840e+03
5.843987688161769256e+03
5.855637878835237643e+03
5.856093203992579220e+03
5.852776640078432138e+03
5.850500633269635728e+03
5.865525941751817300e+03
5.325463397152377183e+03
5.405531082614818843e+03
5.475332727920532307e+03
5.542433339199225884e+03
5.585892643035518631e+03
5.630577216496722940e+03
5.661762157840038526e+03
5.687895470143125749e+03
5.702619583244880232e+03
5.725038210027495552e+03
5.741306295644772035e+03
5.764919432014828999e+03
5.786432012070823475e+03
5.808246952800016516e+03
5.822369919899862907e+03
5.838483480454105120e+03
5.854696643864327598e+03
5.864480795392597429e+03
5.864253324749974126e+03
5.861693399358920942e+03
5.856982075600778444e+03
5.855288860968519657e+03
5.346584620648631244e+03
5.437145354139138362e+03
5.504041640176270448e+03
5.561727063264092067e+03
5.605926053911899544e+03
5.644703391288425337e+03
5.674853475231166158e+03
5.700565540696170501e+03
5.717094901023732746e+03
5.736468616676057536e+03
5.754214993333806888e+03
5.770937636241557811e+03
5.793418471166019117e+03
5.814917267592647477e+03
5.828461528866318986e+03
5.844468139092547062e+03
5.858674310912177134e+03
5.870207178425159327e+03
5.879747511225065864e+03
5.875270461768474888e+03
5.874726348612151014e+03
5.873788144370958435e+03
5.373947890109049695e+03
5.463609290411483926e+03
5.524038925772085349e+03
5.569295551634177173e+03
5.608341346706513832e+03
5.639071873754217449e+03
5.668666714939893609e+03
5.695629036207871650e+03
5.722226186041290021e+03
5.745525703620265631e+03
5.762522731171100531e+03
5.781924955612666054e+03
5.800785138266446666e+03
5.817927561024537681e+03
5.830684638760460075e+03
5.846460866659069325e+03
5.859368538795056338e+03
5.871852223234508529e+03
5.881417952306748703e+03
5.876179574293652877e+03
5.877815126017130751e+03
5.869753251243582781e+03
5.404440740993164582e+03
5.474539567760686623e+03
5.536437466071258314e+03
5.575384785254243070e+03
5.607092493968886629e+03
5.634810218469187930e+03
5.664491190475769145e+03
5.690438984672784500e+03
5.721230417775889691e+03
5.750636540279049768e+03
5.771900580586061551e+03
5.790358637333729348e+03
5.807584264542135315e+03
5.822084594577142525e+03
5.829934994183478921e+03
5.841552132462907139e+03
5.857826696572682522e+03
5.871504585103481077e+03
5.872413857245562212e+03
5.873708211705764370e+03
5.873794026458001099e+03
5.873737276192182435e+03
5.435753143900073155e+03
5.493571159081062433e+03
5.537721254816655346e+03
5.573327575673507454e+03
5.603303699286471783e+03
5.629329621286413385e+03
5.655211867839457227e+03
5.685341628555367606e+03
5.719078139084953364e+03
5.748942963662800139e+03
5.777728015904280255e+03
5.794313130542902400e+03
5.810368386767699121e+03
5.825278262280723538e+03
5.838775701021611894e+03
5.852532277401566716e+03
5.867751649188750889e+03
5.879075774687154990e+03
5.880162853602633731e+03
5.879160297400373565e+03
5.877268541884517617e+03
5.875755193451012929e+03
5.466547123309518611e+03
5.510035822967352033e+03
5.530765148866022173e+03
5.565547108150960412e+03
5.600587644336099402e+03
5.631249175838027440e+03
5.647770394282505549e+03
5.678593523143891616e+03
5.719126071437843166e+03
5.746438439051189562e+03
5.777405864773180838e+03
5.795377373601542786e+03
5.810354503159130218e+03
5.829082105548745858e+03
5.852576985043857349e+03
5.865603048028619924e+03
5.877541600007948546e+03
5.887560198260450306e+03
5.886356139164852721e+03
5.882966010704069959e+03
5.879263201453188231e+03
5.876534922455833112e+03
