-1.303366097755879309e+02
-2.103366097755879309e+02
-3.033660977558793093e+01
-1.033660977558793093e+01
1.096633902244120691e+02
1.396633902244120691e+02
4.396633902244120691e+02
1.196633902244120691e+02
1.896633902244120691e+02
-3.033660977558793093e+01
3.596633902244120691e+02
-1.203366097755879309e+02
1.496633902244120691e+02
-4.033660977558793093e+01
3.096633902244120691e+02
-1.603366097755879309e+02
9.966339022441206907e+01
1.696633902244120691e+02
1.496633902244120691e+02
5.966339022441206907e+01
2.966339022441206907e+01
7.966339022441206907e+01
7.966339022441206907e+01
-1.403366097755879309e+02
-5.033660977558793093e+01
-5.033660977558793093e+01
-1.003366097755879309e+02
-2.203366097755879309e+02
1.296633902244120691e+02
-3.803366097755879309e+02
1.496633902244120691e+02
-1.203366097755879309e+02
-3.303366097755879309e+02
-1.103366097755879309e+02
6.966339022441206907e+01
-9.033660977558793093e+01
-2.803366097755879309e+02
-4.503366097755879309e+02
1.496633902244120691e+02
-1.803366097755879309e+02
-4.903366097755879309e+02
-4.503366097755879309e+02
-6.033660977558793093e+01
-5.103366097755879309e+02
1.996633902244120691e+02
-3.303366097755879309e+02
-4.303366097755879309e+02
-1.803366097755879309e+02
2.296633902244120691e+02
-3.003366097755879309e+02
-4.803366097755879309e+02
-4.803366097755879309e+02
-2.103366097755879309e+02
-1.203366097755879309e+02
-3.503366097755879309e+02
-2.403366097755879309e+02
-1.203366097755879309e+02
-3.503366097755879309e+02
-3.403366097755879309e+02
-3.403366097755879309e+02
-1.903366097755879309e+02
-5.503366097755879309e+02
4.966339022441206907e+01
-4.903366097755879309e+02
-1.403366097755879309e+02
-3.103366097755879309e+02
-3.403366097755879309e+02
-1.103366097755879309e+02
-1.003366097755879309e+02
-2.703366097755879309e+02
-4.503366097755879309e+02
-2.603366097755879309e+02
-4.003366097755879309e+02
-4.003366097755879309e+02
-3.603366097755879309e+02
-1.903366097755879309e+02
-4.803366097755879309e+02
-5.003366097755879309e+02
-5.103366097755879309e+02
-5.103366097755879309e+02
-5.303366097755879309e+02
-2.103366097755879309e+02
-4.903366097755879309e+02
-4.303366097755879309e+02
-7.033660977558793093e+01
-4.303366097755879309e+02
-2.003366097755879309e+02
-5.503366097755879309e+02
-5.503366097755879309e+02
-2.003366097755879309e+02
-4.503366097755879309e+02
-5.503366097755879309e+02
-2.703366097755879309e+02
-4.703366097755879309e+02
-4.803366097755879309e+02
-5.103366097755879309e+02
-3.103366097755879309e+02
-5.503366097755879309e+02
-3.103366097755879309e+02
-2.703366097755879309e+02
-2.803366097755879309e+02
-2.803366097755879309e+02
-3.403366097755879309e+02
1.496633902244120691e+02
-6.033660977558793093e+01
1.296633902244120691e+02
-2.803366097755879309e+02
-3.603366097755879309e+02
-3.803366097755879309e+02
-1.603366097755879309e+02
-1.503366097755879309e+02
-1.103366097755879309e+02
-3.303366097755879309e+02
-4.303366097755879309e+02
-5.403366097755879309e+02
-5.503366097755879309e+02
-3.803366097755879309e+02
-4.503366097755879309e+02
-5.203366097755879309e+02
-1.003366097755879309e+02
-1.503366097755879309e+02
2.196633902244120691e+02
-5.403366097755879309e+02
-8.033660977558793093e+01
-5.303366097755879309e+02
-3.103366097755879309e+02
-2.403366097755879309e+02
-1.403366097755879309e+02
-1.603366097755879309e+02
-1.403366097755879309e+02
-4.003366097755879309e+02
-2.903366097755879309e+02
-1.033660977558793093e+01
-2.503366097755879309e+02
-1.033660977558793093e+01
