-1.316644845256550980e+02
-2.116644845256550980e+02
-3.166448452565509797e+01
-1.166448452565509797e+01
1.083355154743449020e+02
1.383355154743449020e+02
4.383355154743449020e+02
1.183355154743449020e+02
1.883355154743449020e+02
-3.166448452565509797e+01
3.583355154743449020e+02
-1.216644845256550980e+02
1.483355154743449020e+02
-4.166448452565509797e+01
3.083355154743449020e+02
-1.616644845256550980e+02
9.833551547434490203e+01
1.683355154743449020e+02
1.483355154743449020e+02
5.833551547434490203e+01
2.833551547434490203e+01
7.833551547434490203e+01
7.833551547434490203e+01
-1.416644845256550980e+02
-5.166448452565509797e+01
-5.166448452565509797e+01
-1.016644845256550980e+02
-2.216644845256550980e+02
1.283355154743449020e+02
-3.816644845256550980e+02
1.483355154743449020e+02
-1.216644845256550980e+02
-3.316644845256550980e+02
-1.116644845256550980e+02
6.833551547434490203e+01
-9.166448452565509797e+01
-2.816644845256550980e+02
-4.516644845256550980e+02
1.483355154743449020e+02
-1.816644845256550980e+02
-4.916644845256550980e+02
-4.516644845256550980e+02
-6.166448452565509797e+01
-5.116644845256550980e+02
1.983355154743449020e+02
-3.316644845256550980e+02
-4.316644845256550980e+02
-1.816644845256550980e+02
2.283355154743449020e+02
-3.016644845256550980e+02
-4.816644845256550980e+02
-4.816644845256550980e+02
-2.116644845256550980e+02
-1.216644845256550980e+02
-3.516644845256550980e+02
-2.416644845256550980e+02
-1.216644845256550980e+02
-3.516644845256550980e+02
-3.416644845256550980e+02
-3.416644845256550980e+02
-1.916644845256550980e+02
-5.516644845256550980e+02
4.833551547434490203e+01
-4.916644845256550980e+02
-1.416644845256550980e+02
-3.116644845256550980e+02
-3.416644845256550980e+02
-1.116644845256550980e+02
-1.016644845256550980e+02
-2.716644845256550980e+02
-4.516644845256550980e+02
-2.616644845256550980e+02
-4.016644845256550980e+02
-4.016644845256550980e+02
-3.616644845256550980e+02
-1.916644845256550980e+02
-4.816644845256550980e+02
-5.016644845256550980e+02
-5.116644845256550980e+02
-5.116644845256550980e+02
-5.316644845256550980e+02
-2.116644845256550980e+02
-4.916644845256550980e+02
-4.316644845256550980e+02
-7.166448452565509797e+01
-4.316644845256550980e+02
-2.016644845256550980e+02
-5.516644845256550980e+02
-5.516644845256550980e+02
-2.016644845256550980e+02
-4.516644845256550980e+02
-5.516644845256550980e+02
-2.716644845256550980e+02
-4.716644845256550980e+02
-4.816644845256550980e+02
-5.116644845256550980e+02
-3.116644845256550980e+02
-5.516644845256550980e+02
-3.116644845256550980e+02
-2.716644845256550980e+02
-2.816644845256550980e+02
-2.816644845256550980e+02
-3.416644845256550980e+02
1.483355154743449020e+02
-6.166448452565509797e+01
1.283355154743449020e+02
-2.816644845256550980e+02
-3.616644845256550980e+02
-3.816644845256550980e+02
-1.616644845256550980e+02
-1.516644845256550980e+02
-1.116644845256550980e+02
-3.316644845256550980e+02
-4.316644845256550980e+02
-5.416644845256550980e+02
-5.516644845256550980e+02
-3.816644845256550980e+02
-4.516644845256550980e+02
-5.216644845256550980e+02
-1.016644845256550980e+02
-1.516644845256550980e+02
2.183355154743449020e+02
-5.416644845256550980e+02
-8.166448452565509797e+01
-5.316644845256550980e+02
-3.116644845256550980e+02
-2.416644845256550980e+02
-1.416644845256550980e+02
-1.616644845256550980e+02
-1.416644845256550980e+02
-4.016644845256550980e+02
-2.916644845256550980e+02
-1.166448452565509797e+01
-2.516644845256550980e+02
-1.166448452565509797e+01
