-1.290913434896310719e+02
-2.090913434896310719e+02
-2.909134348963107186e+01
-9.091343489631071861e+00
1.109086565103689281e+02
1.409086565103689281e+02
4.409086565103689281e+02
1.209086565103689281e+02
1.909086565103689281e+02
-2.909134348963107186e+01
3.609086565103689281e+02
-1.190913434896310719e+02
1.509086565103689281e+02
-3.909134348963107186e+01
3.109086565103689281e+02
-1.590913434896310719e+02
1.009086565103689281e+02
1.709086565103689281e+02
1.509086565103689281e+02
6.090865651036892814e+01
3.090865651036892814e+01
8.090865651036892814e+01
8.090865651036892814e+01
-1.390913434896310719e+02
-4.909134348963107186e+01
-4.909134348963107186e+01
-9.909134348963107186e+01
-2.190913434896310719e+02
1.309086565103689281e+02
-3.790913434896310719e+02
1.509086565103689281e+02
-1.190913434896310719e+02
-3.290913434896310719e+02
-1.090913434896310719e+02
7.090865651036892814e+01
-8.909134348963107186e+01
-2.790913434896310719e+02
-4.490913434896310719e+02
1.509086565103689281e+02
-1.790913434896310719e+02
-4.890913434896310719e+02
-4.490913434896310719e+02
-5.909134348963107186e+01
-5.090913434896310719e+02
2.009086565103689281e+02
-3.290913434896310719e+02
-4.290913434896310719e+02
-1.790913434896310719e+02
2.309086565103689281e+02
-2.990913434896310719e+02
-4.790913434896310719e+02
-4.790913434896310719e+02
-2.090913434896310719e+02
-1.190913434896310719e+02
-3.490913434896310719e+02
-2.390913434896310719e+02
-1.190913434896310719e+02
-3.490913434896310719e+02
-3.390913434896310719e+02
-3.390913434896310719e+02
-1.890913434896310719e+02
-5.490913434896310719e+02
5.090865651036892814e+01
-4.890913434896310719e+02
-1.390913434896310719e+02
-3.090913434896310719e+02
-3.390913434896310719e+02
-1.090913434896310719e+02
-9.909134348963107186e+01
-2.690913434896310719e+02
-4.490913434896310719e+02
-2.590913434896310719e+02
-3.990913434896310719e+02
-3.990913434896310719e+02
-3.590913434896310719e+02
-1.890913434896310719e+02
-4.790913434896310719e+02
-4.990913434896310719e+02
-5.090913434896310719e+02
-5.090913434896310719e+02
-5.290913434896310719e+02
-2.090913434896310719e+02
-4.890913434896310719e+02
-4.290913434896310719e+02
-6.909134348963107186e+01
-4.290913434896310719e+02
-1.990913434896310719e+02
-5.490913434896310719e+02
-5.490913434896310719e+02
-1.990913434896310719e+02
-4.490913434896310719e+02
-5.490913434896310719e+02
-2.690913434896310719e+02
-4.690913434896310719e+02
-4.790913434896310719e+02
-5.090913434896310719e+02
-3.090913434896310719e+02
-5.490913434896310719e+02
-3.090913434896310719e+02
-2.690913434896310719e+02
-2.790913434896310719e+02
-2.790913434896310719e+02
-3.390913434896310719e+02
1.509086565103689281e+02
-5.909134348963107186e+01
1.309086565103689281e+02
-2.790913434896310719e+02
-3.590913434896310719e+02
-3.790913434896310719e+02
-1.590913434896310719e+02
-1.490913434896310719e+02
-1.090913434896310719e+02
-3.290913434896310719e+02
-4.290913434896310719e+02
-5.390913434896310719e+02
-5.490913434896310719e+02
-3.790913434896310719e+02
-4.490913434896310719e+02
-5.190913434896310719e+02
-9.909134348963107186e+01
-1.490913434896310719e+02
2.209086565103689281e+02
-5.390913434896310719e+02
-7.909134348963107186e+01
-5.290913434896310719e+02
-3.090913434896310719e+02
-2.390913434896310719e+02
-1.390913434896310719e+02
-1.590913434896310719e+02
-1.390913434896310719e+02
-3.990913434896310719e+02
-2.890913434896310719e+02
-9.091343489631071861e+00
-2.490913434896310719e+02
-9.091343489631071861e+00
