5.281917644733528505e+03
5.301679363281374208e+03
5.332935675112324134e+03
5.351563479139877018e+03
5.352079679932799991e+03
5.375737421292888030e+03
5.385384659880755862e+03
5.399278819805374951e+03
5.414870241611784877e+03
5.443583244007430039e+03
5.460286022903535923e+03
5.498051723922253586e+03
5.518223429836434661e+03
5.566490913541798363e+03
5.577355577064678073e+03
5.651357558866991894e+03
5.689178728665545350e+03
5.725040624265733641e+03
5.774885636358289048e+03
5.835314607875188813e+03
5.896817223013669718e+03
5.964436165102582891e+03
5.282271436441011247e+03
5.306296326994304764e+03
5.332872130137691784e+03
5.352610617230979187e+03
5.356056092861670550e+03
5.373907066807827505e+03
5.383401854143387027e+03
5.399318900769440006e+03
5.406811660560138989e+03
5.433514646876275947e+03
5.451694289034690883e+03
5.481115946359161171e+03
5.495470723125661607e+03
5.522727133413478441e+03
5.569360151147629949e+03
5.598257986650263774e+03
5.629491191626468208e+03
5.663886716003558831e+03
5.717029310558747966e+03
5.759629754781257361e+03
5.811531905497948173e+03
5.878608560068532825e+03
5.275517384353031957e+03
5.304579408013141801e+03
5.322539050346473232e+03
5.348129832723770960e+03
5.355049501868115840e+03
5.364513882368250052e+03
5.381642270555381401e+03
5.397256755674259693e+03
5.398595077919606410e+03
5.424921170462039299e+03
5.445383688925274328e+03
5.456202755652364431e+03
5.480562312420261151e+03
5.492268697265091760e+03
5.529934154195747396e+03
5.551685150886114570e+03
5.579330680968356319e+03
5.610586219592078123e+03
5.648243669864008552e+03
5.697792363471802673e+03
5.745374284334975528e+03
5.804894119738135487e+03
5.284358068990977699e+03
5.301632525850294769e+03
5.322904596274750475e+03
5.344391168206715520e+03
5.353366100719160386e+03
5.359739033554948037e+03
5.374741579567305962e+03
5.393855639241419340e+03
5.414185200449568583e+03
5.421586112788294486e+03
5.426097388937285359e+03
5.443001911630843097e+03
5.462646587140163319e+03
5.479276316331706767e+03
5.499425353601563984e+03
5.516978442552659544e+03
5.538251833371410612e+03
5.570292198626091704e+03
5.598867384055600269e+03
5.637530023107945453e+03
5.684006875838735141e+03
5.731578827390301740e+03
5.291105602889256261e+03
5.303678284524568880e+03
5.318713489513653258e+03
5.341555969464263399e+03
5.347446696930264807e+03
5.361288630277344055e+03
5.379004025638920211e+03
5.388670028000977254e+03
5.403172310151943748e+03
5.414950886110951615e+03
5.423566343438798867e+03
5.439476338211548864e+03
5.447854454246898968e+03
5.463272747465536668e+03
5.480423591897917504e+03
5.501117325669827551e+03
5.516984190585098986e+03
5.540184110278951266e+03
5.565170036163093755e+03
5.593022383497096598e+03
5.632108438569011923e+03
5.681919282131901127e+03
5.283223462874721008e+03
5.292006973909336011e+03
5.311484513659650474e+03
5.339600302764740263e+03
5.343599966066245543e+03
5.358179295816882586e+03
5.374617697499657879e+03
5.387909918164442388e+03
5.400395384865336382e+03
5.410983861360246010e+03
5.428576631531500425e+03
5.432441109936667999e+03
5.441711276883825121e+03
5.456861438251760774e+03
5.474237960146998375e+03
5.489204777534752793e+03
5.503739197276781852e+03
5.525079698051689775e+03
5.543458318290897296e+03
5.569965195578544808e+03
5.598952762908360455e+03
5.642318908164263121e+03
5.278172397944632394e+03
5.288712109533224066e+03
5.306820653832881362e+03
5.329841729887681140e+03
5.335621264735715158e+03
5.356109997009200015e+03
5.374089393068714344e+03
5.390538700092346517e+03
5.401621674218593398e+03
5.416644438814904788e+03
5.428711376102347458e+03
5.433221158437874692e+03
5.441608979096094117e+03
5.457694868559733550e+03
5.473957401788327843e+03
5.486402140308531671e+03
5.502924230956388783e+03
5.517430858155443275e+03
5.532656634020715501e+03
5.554562347186838451e+03
5.582183674393043475e+03
5.615077809269998397e+03
5.268478633726739645e+03
5.283721642207276091e+03
5.314886668078288494e+03
5.334032103298482980e+03
5.336368378997132822e+03
5.357529563933831014e+03
5.376904473795002559e+03
5.389654178921077801e+03
5.407201284587493319e+03
5.414582599730909351e+03
5.431362069239879929e+03
5.439440218087232097e+03
5.453464113311666551e+03
5.465339266204876367e+03
5.480123274906211918e+03
5.492119602654327537e+03
5.506357447144693651e+03
5.521669014159778271e+03
5.533851125246043011e+03
5.551578828677445927e+03
5.575140554841915218e+03
5.600813950824256608e+03
5.271489201734610106e+03
5.294543506120648090e+03
5.315997339848256161e+03
5.334969171318487497e+03
5.347603964293988611e+03
5.362086012642559581e+03
5.381717515318877304e+03
5.395752142434574125e+03
5.409812937728039287e+03
5.424425856875607678e+03
5.437281170826043308e+03
5.449089054838670563e+03
5.467529944013110253e+03
5.481691687773171907e+03
5.492230993252444932e+03
5.507544909886628375e+03
5.517743964628116373e+03
5.531145651316526710e+03
5.542173958216885694e+03
5.560802091048097282e+03
5.576415504029825570e+03
5.602428816462639588e+03
5.263474680384382737e+03
5.289975104136234222e+03
5.314066126445306509e+03
5.336994533842291276e+03
5.359538633543199467e+03
5.365291051205629628e+03
5.387655767368132729e+03
5.404223161898870785e+03
5.419739512673684658e+03
5.435424425127706854e+03
5.455583615759804161e+03
5.464641317866206919e+03
5.478075498230939957e+03
5.498440656268341627e+03
5.512475191047238695e+03
5.526553669324921430e+03
5.540719847419402868e+03
5.550986177308420338e+03
5.552688724779991389e+03
5.567956051323985776e+03
5.588815289408816170e+03
5.609564682383568652e+03
5.265594563688136986e+03
5.293465624442389526e+03
5.324019957554430221e+03
5.343493814410727282e+03
5.366705525011651844e+03
5.373243831906989726e+03
5.394194247690951670e+03
5.416171360540107344e+03
5.435228715851433662e+03
5.454448581009303780e+03
5.474181193160607108e+03
5.482833630746629751e+03
5.498946119290243587e+03
5.516010275478518452e+03
5.529913347899045220e+03
5.542852551098948425e+03
5.557721377854179991e+03
5.569891813322006783e+03
5.580398028639381664e+03
5.596818095397798970e+03
5.616338984777654332e+03
5.617779016857793067e+03
5.276130417073383796e+03
5.303890484916481000e+03
5.332880309044925525e+03
5.351042672689500250e+03
5.377247381514069275e+03
5.396190550380368222e+03
5.407761649853546260e+03
5.429191154043936876e+03
5.450355193244442489e+03
5.468360666696326916e+03
5.485009468645917877e+03
5.501367166093687047e+03
5.517848454878910161e+03
5.532889355798884935e+03
5.547447910372024126e+03
5.560149037390219746e+03
5.573964399445072559e+03
5.585771529015781198e+03
5.595098710986063452e+03
5.613758339505780896e+03
5.631806626921900715e+03
5.651314779118836668e+03
5.279619832500840857e+03
5.307761763535150749e+03
5.338014217723015463e+03
5.364650731387624546e+03
5.395134778496896615e+03
5.406422987687366913e+03
5.425220690857044247e+03
5.443316580832839463e+03
5.461337251305837526e+03
5.485004081810503521e+03
5.502926319390425306e+03
5.516739820512655569e+03
5.533132145367039811e+03
5.548196911397608346e+03
5.576959443363315586e+03
5.584900748006100002e+03
5.601091265012233634e+03
5.612978615952610198e+03
5.627780658282637887e+03
5.639411009859040860e+03
5.654749098749866789e+03
5.675366638369940119e+03
5.285019895445337170e+03
5.322186450832006813e+03
5.345549191339094250e+03
5.377668695787519027e+03
5.404013624996099679e+03
5.426740491472422946e+03
5.442188161199601382e+03
5.456266196521464735e+03
5.480120015540043823e+03
5.498867867346133607e+03
5.518722342568939894e+03
5.538984804445897680e+03
5.569210769399755918e+03
5.579149041526788096e+03
5.594975817044472933e+03
5.607212868610147780e+03
5.615223867525582136e+03
5.633627195569353717e+03
5.644308559763010635e+03
5.659571568857758393e+03
5.675704655659003038e+03
5.690207015337977282e+03
5.292728871722838448e+03
5.332493761259289386e+03
5.359448587633536590e+03
5.391765858397706324e+03
5.422184929056429610e+03
5.443671801918791971e+03
5.463521716343360822e+03
5.480358196190804847e+03
5.494613569015316898e+03
5.523235214187685415e+03
5.553733098379633702e+03
5.567202211638655172e+03
5.585015360030105512e+03
5.597926035586890066e+03
5.611831210518191256e+03
5.626073494263671819e+03
5.639096018519738209e+03
5.647697535096095635e+03
5.664812590433912192e+03
5.676246653355351555e+03
5.691921595829036960e+03
5.710064798268675986e+03
5.311714869741705115e+03
5.350379141557548792e+03
5.374454006530972038e+03
5.412989516027835634e+03
5.437843704762395646e+03
5.461161502651682895e+03
5.479141905928720917e+03
5.500915347181758079e+03
5.535644930506857236e+03
5.551411772812528397e+03
5.571779140967326384e+03
5.585178358822276095e+03
5.598999515722709475e+03
5.617513778164740870e+03
5.634406140980150667e+03
5.645637867530810581e+03
5.659368673994062192e+03
5.671824417433435883e+03
5.682887719488362563e+03
5.698951068858474173e+03
5.710201272378774775e+03
5.732343191224978909e+03
5.326877837698542862e+03
5.362592983388096400e+03
5.406349843518988564e+03
5.437163894337898455e+03
5.475638628966044053e+03
5.495383736537445657e+03
5.513325454833720869e+03
5.537147656458329038e+03
5.564851095060929765e+03
5.585990092749976611e+03
5.602576379665859349e+03
5.606630551821736844e+03
5.619330674130978878e+03
5.638818726979619896e+03
5.656571374567493876e+03
5.668589864671301257e+03
5.679783005868058353e+03
5.692525943267917683e+03
5.708219044250592560e+03
5.720954486423928756e+03
5.733553901394155218e+03
5.755307071559584074e+03
5.336277200833328607e+03
5.389253249687990319e+03
5.429250848267547553e+03
5.459325954642574288e+03
5.496663274207992799e+03
5.526363142856145714e+03
5.547319577818922880e+03
5.566065408609397309e+03
5.587553528912057118e+03
5.608184179733223573e+03
5.630012735809194965e+03
5.646137649459908971e+03
5.657048662983328541e+03
5.676114668799841638e+03
5.685897387073589925e+03
5.698053691981313932e+03
5.713385388633676484e+03
5.721887547113818982e+03
5.736693431947462159e+03
5.747581496234291990e+03
5.760514960383068683e+03
5.772750356930358066e+03
5.364480558112531980e+03
5.409210089977944335e+03
5.443677560759449079e+03
5.478455373574022815e+03
5.510948173719489205e+03
5.547659366356859209e+03
5.569236327635921953e+03
5.592858225632939138e+03
5.612324014001993419e+03
5.630671274705637188e+03
5.653981674234953971e+03
5.674277510294772583e+03
5.686007799639972291e+03
5.699370710500828864e+03
5.714792666018500313e+03
5.724613298494046830e+03
5.733814499441587941e+03
5.741364039516805860e+03
5.757227927236729556e+03
5.769111543462222471e+03
5.780263781101734821e+03
5.794821139633788334e+03
5.375692223306048618e+03
5.421176068789047349e+03
5.456858908176696787e+03
5.496064738742488771e+03
5.532364136268066432e+03
5.565102465773139556e+03
5.584901090104723153e+03
5.610080877296161816e+03
5.634079341392892275e+03
5.653504564554970784e+03
5.673930423907036129e+03
5.695392516204268759e+03
5.710802092983997682e+03
5.722278071769109374e+03
5.739854642257771047e+03
5.753532864047750991e+03
5.765819785609564860e+03
5.774551743799009273e+03
5.785614105489760732e+03
5.799559797694043482e+03
5.810635453049218086e+03
5.811373212714622241e+03
5.384324967979217035e+03
5.426591523854118350e+03
5.465288383493076253e+03
5.505631188667322931e+03
5.545916885330325385e+03
5.582362266230323257e+03
5.604913963515519754e+03
5.628800439233442376e+03
5.651174230079515837e+03
5.676402221840028687e+03
5.694838829823840570e+03
5.715759796575817745e+03
5.739367206320395780e+03
5.746180665113489340e+03
5.763356790495485257e+03
5.777852822100977392e+03
5.791934400952359283e+03
5.804925058525539498e+03
5.814289205444675645e+03
5.828648414237534780e+03
5.830504116082081964e+03
5.838175216834324601e+03
5.394661478357056694e+03
5.434545701972408096e+03
5.477014166370989187e+03
5.518604254918514926e+03
5.556530941705592340e+03
5.593045951395180964e+03
5.620743041636296766e+03
5.645704086644454947e+03
5.673810730702109140e+03
5.698818070883511609e+03
5.726162707099607360e+03
5.745275794216538088e+03
5.757557084993039098e+03
5.769623859797613477e+03
5.779012098392582629e+03
5.796472571812793831e+03
5.809180622703788686e+03
5.827508527162554856e+03
5.840879935254328302e+03
5.843292562801183522e+03
5.855221423582800526e+03
5.861256011973974637e+03
5.399784641312123313e+03
5.441251088666094802e+03
5.488473459576138339e+03
5.530633768485768087e+03
5.569883302798353725e+03
5.605478421311794591e+03
5.636254027213823974e+03
5.661764301666366009e+03
5.686897794228845669e+03
5.715592483983649799e+03
5.740895657065808336e+03
5.761088257079530194e+03
5.780451702546795786e+03
5.790785656784451930e+03
5.799319612650824638e+03
5.814503071361374168e+03
5.825838827467289775e+03
5.845591402621753332e+03
5.852424280439172435e+03
5.860942952155783132e+03
5.866597950709917313e+03
5.873752808112112689e+03
5.411767980719370826e+03
5.453425496597970778e+03
5.494887329445563410e+03
5.535238888006320849e+03
5.574008502137767209e+03
5.612174417520405768e+03
5.649559259329769702e+03
5.675803617026500433e+03
5.700226028209759534e+03
5.729397206030229427e+03
5.753600000571766031e+03
5.775827051675351868e+03
5.796358051241545581e+03
5.807692999167618837e+03
5.822587799812738012e+03
5.842928342015562521e+03
5.850693845898105792e+03
5.864306364804269833e+03
5.865808642072170187e+03
5.874956411490175014e+03
5.887004375135764349e+03
5.889156729954819639e+03
5.416669468595755461e+03
5.458354921889260368e+03
5.501158475639265816e+03
5.538621828897015803e+03
5.577359543442278664e+03
5.622240778889368812e+03
5.658498652928654337e+03
5.690081600826288195e+03
5.713026288253795428e+03
5.737505294738333760e+03
5.763537223255887511e+03
5.787883107704601571e+03
5.811394554392356440e+03
5.823846329668156613e+03
5.838482730524197905e+03
5.857390712626467575e+03
5.871544848624549559e+03
5.872363741697690784e+03
5.882684713468101108e+03
5.894461846135316591e+03
5.908697989040903849e+03
5.911901127129553970e+03
5.420344752479320960e+03
5.462171984265925857e+03
5.506548078248368256e+03
5.552391062261664047e+03
5.589479240887572814e+03
5.625499643440271029e+03
5.659276387868532765e+03
5.693554571411241341e+03
5.723504712525380455e+03
5.747485996779105335e+03
5.776899123078364937e+03
5.800199282759698690e+03
5.814889944283064324e+03
5.832894157284557878e+03
5.849540466289336109e+03
5.866568771823101997e+03
5.876422627489950173e+03
5.889982083633201910e+03
5.902681557796631751e+03
5.909485113115759304e+03
5.917302889025511831e+03
5.922304126608919432e+03
5.425279833715561836e+03
5.479969661116818315e+03
5.518338862592194346e+03
5.555854935267729161e+03
5.592212883240503288e+03
5.627034212757651403e+03
5.669160356615877390e+03
5.708538136886108987e+03
5.737967114981529448e+03
5.760096482772272793e+03
5.782296979895940240e+03
5.798300987811026062e+03
5.820667994718471164e+03
5.839041322195895191e+03
5.858695917878554610e+03
5.876409375191936306e+03
5.885422519418922093e+03
5.898479881268965983e+03
5.909804593910783296e+03
5.917741050872744381e+03
5.928387175354735518e+03
5.927661850054484603e+03
5.443103431929004728e+03
5.482784572352022224e+03
5.521070152227111976e+03
5.557053380418561574e+03
5.591679241909630946e+03
5.639888804810663714e+03
5.681171050619017478e+03
5.713983447755825182e+03
5.744285632576596981e+03
5.771397019819218258e+03
5.789535569489577028e+03
5.804151221284251733e+03
5.823776045061382320e+03
5.846202781463105566e+03
5.862697233287204654e+03
5.879369329210587239e+03
5.892794703174429742e+03
5.904964725546575210e+03
5.916050719830211165e+03
5.926254662666035074e+03
5.933436782029515598e+03
5.941133580327903474e+03
