5.307806588666797325e+03
5.345039768545722836e+03
5.364247433326521787e+03
5.388491284185276527e+03
5.405542879158951109e+03
5.421698865959191608e+03
5.441471574477232934e+03
5.477872067749231064e+03
5.494759518286460661e+03
5.526493711624192656e+03
5.544425720269777230e+03
5.564615259971134947e+03
5.592652552643092349e+03
5.605537823499063961e+03
5.640152246020821622e+03
5.679693472805432975e+03
5.721497122674598359e+03
5.767771027455397416e+03
5.822334119502105750e+03
5.820562812121352181e+03
5.854201183840632439e+03
5.994244538164697587e+03
5.309583075009044478e+03
5.327223938495000766e+03
5.358326560864006751e+03
5.382219529586773206e+03
5.393949740812518939e+03
5.400515698578457886e+03
5.419418901608822125e+03
5.439563119377347903e+03
5.452314663782999560e+03
5.471335452733237616e+03
5.491975900026613090e+03
5.507962268023115030e+03
5.525220931134186685e+03
5.549425248919840669e+03
5.572170515770565544e+03
5.598440768414337072e+03
5.631474645214620978e+03
5.671189260871629813e+03
5.733240729791257763e+03
5.784539756585203577e+03
5.817564411115541589e+03
5.922875843618065119e+03
5.277885144592368306e+03
5.307022837719152449e+03
5.327850785744397399e+03
5.358701477463779156e+03
5.364877361376538829e+03
5.372143990649965417e+03
5.388729140940535217e+03
5.412195628180199492e+03
5.421539737778164636e+03
5.432225381419978476e+03
5.449289915088676935e+03
5.464993954885301719e+03
5.475562310907633218e+03
5.497315017731731132e+03
5.510837350447054632e+03
5.538619438255591376e+03
5.573550220410583279e+03
5.605999022808122390e+03
5.651538361809100024e+03
5.705726310598081909e+03
5.782237960330414353e+03
5.860838224578998052e+03
5.267959270462632048e+03
5.280830117074343434e+03
5.300704739758639334e+03
5.312708554903039840e+03
5.335870414936782254e+03
5.356332941741338800e+03
5.374334112891212499e+03
5.389355553415480244e+03
5.401102640443779819e+03
5.416436359229520349e+03
5.424274741987579546e+03
5.433703971789063871e+03
5.444178201026138595e+03
5.463965689348476189e+03
5.476850474153603500e+03
5.499323206688450227e+03
5.532029881881524489e+03
5.568117670736906803e+03
5.608360979065248102e+03
5.656633715798481717e+03
5.730284109889544197e+03
5.781773126438318286e+03
5.243781619506784409e+03
5.262894569662041249e+03
5.290317655655448107e+03
5.307451058460885179e+03
5.329829366148476765e+03
5.351268411753067994e+03
5.352405573378078770e+03
5.373998582318172339e+03
5.391054778101373813e+03
5.402338721737151900e+03
5.415932808760352600e+03
5.415516429562543635e+03
5.423992145165179863e+03
5.433093379097501384e+03
5.445570621318835947e+03
5.469730116275448381e+03
5.498298423899544105e+03
5.530942266357318658e+03
5.567081560597019234e+03
5.615851730435500031e+03
5.687430590440839296e+03
5.770576399137877161e+03
5.248401379345763416e+03
5.249078110293987265e+03
5.279853787075648142e+03
5.299411473940959695e+03
5.310780102375403658e+03
5.337344955251122883e+03
5.357359137152714538e+03
5.366316493153364718e+03
5.386751243010245162e+03
5.392987482744440058e+03
5.398908907357013959e+03
5.412416556526085515e+03
5.408590194314883774e+03
5.414535799787594442e+03
5.433318134464432660e+03
5.449637040618435094e+03
5.473192063520261399e+03
5.506107531014069536e+03
5.535601383368342795e+03
5.585981505526515321e+03
5.650253879987627442e+03
5.681928160469527938e+03
5.232209020551319554e+03
5.235751280556700294e+03
5.267630297544332279e+03
5.282160918752493671e+03
5.297187549183927331e+03
5.326469124344166630e+03
5.362023600707361766e+03
5.377756200369234648e+03
5.393261543912401976e+03
5.397664825208265029e+03
5.394191558832738338e+03
5.407442655766263670e+03
5.402230551227731667e+03
5.412743239085907589e+03
5.420989786358047240e+03
5.436220303354772113e+03
5.454060690288481055e+03
5.477185228368682147e+03
5.506351290979037003e+03
5.559561662819687626e+03
5.587701896191891137e+03
5.626545120397155188e+03
5.230522564622995560e+03
5.245347681943871066e+03
5.263543350869626011e+03
5.273931431944447468e+03
5.300452047828084687e+03
5.335434743018977315e+03
5.354727914873010377e+03
5.391753276018724137e+03
5.400284837575169149e+03
5.410982703442301499e+03
5.411208896355932666e+03
5.421506864151337140e+03
5.410916761505476643e+03
5.409916454299832367e+03
5.415098612630838034e+03
5.426636030504658265e+03
5.439276928383398626e+03
5.454631168699092086e+03
5.485508655482651193e+03
5.532812022484433328e+03
5.563686060905937666e+03
5.605157001121478061e+03
5.232817422229489239e+03
5.245030765020188483e+03
5.257522265422912824e+03
5.286106694722582688e+03
5.312472819820997756e+03
5.349148423551339874e+03
5.364622072791860774e+03
5.398571731686884959e+03
5.416499883613740167e+03
5.421012691118225121e+03
5.418120460758864283e+03
5.429268716148249950e+03
5.420380332034287676e+03
5.418716729795797619e+03
5.415370106888507507e+03
5.426236882511570002e+03
5.436147233377984776e+03
5.450872397586988882e+03
5.476050260466901818e+03
5.509754500656199525e+03
5.548249074508641570e+03
5.589006046290619452e+03
5.234650322509303805e+03
5.248732897624351608e+03
5.272098527038870088e+03
5.301825908629334663e+03
5.322497963385410912e+03
5.356859451478825576e+03
5.393785486296785166e+03
5.415408475435613582e+03
5.438159644882720386e+03
5.448104613010489629e+03
5.444156923464555803e+03
5.443844654544934201e+03
5.435668900143390601e+03
5.437107517207857200e+03
5.430187080827496175e+03
5.428265848455064770e+03
5.441802735158732503e+03
5.451527140443242388e+03
5.477771556701723057e+03
5.502067559039568550e+03
5.538958319386843868e+03
5.571773100571754185e+03
5.234771859536243937e+03
5.243663659702042423e+03
5.271552191797194610e+03
5.314258864919467669e+03
5.353510439679655974e+03
5.385800603942247108e+03
5.419802717652803040e+03
5.438649310532791787e+03
5.456012537958802568e+03
5.470536963890911466e+03
5.476469547521166533e+03
5.469014198784132532e+03
5.466783216705745872e+03
5.459826918924215533e+03
5.460177383558700967e+03
5.447642087118380005e+03
5.455168987348642077e+03
5.466518690323440751e+03
5.483052652867283541e+03
5.510387041397181747e+03
5.540245130990268080e+03
5.578093851800538687e+03
5.244952617043611099e+03
5.241235709482089078e+03
5.282813252228359488e+03
5.321995979195602558e+03
5.376039536049680464e+03
5.410362401017293450e+03
5.435874619060161422e+03
5.465408537055294801e+03
5.478126845541606599e+03
5.491913216610686504e+03
5.499364107393428640e+03
5.492648601994052115e+03
5.491361406189123954e+03
5.482010732547752923e+03
5.481792081323943421e+03
5.481005685737758540e+03
5.488569926407179082e+03
5.481271917268919424e+03
5.505545253889896230e+03
5.530426603581308882e+03
5.553660632071751024e+03
5.593249688322346628e+03
5.227106116686592941e+03
5.254217839224687850e+03
5.296213356577269224e+03
5.343782307749052052e+03
5.386688636198821769e+03
5.424918523825734155e+03
5.458855473112098480e+03
5.487526302622420189e+03
5.500569301795978390e+03
5.517943495574361805e+03
5.522600412444012363e+03
5.528345252812723629e+03
5.516582889289384184e+03
5.511758251561153884e+03
5.512393514730702009e+03
5.510258826783194309e+03
5.517468509259556413e+03
5.525317817059750269e+03
5.539584282883785818e+03
5.551417199289689961e+03
5.578570488518415004e+03
5.607940940892662184e+03
5.234124455047362062e+03
5.264275206161189999e+03
5.318010961355517793e+03
5.353935409548914322e+03
5.402381599560912946e+03
5.438368823917991904e+03
5.473558422459789654e+03
5.504063089303492234e+03
5.531873250981338060e+03
5.543292610256774424e+03
5.554667410668673256e+03
5.555440314354874317e+03
5.559900436331931814e+03
5.549107937303837389e+03
5.542208831214804377e+03
5.550935262723447522e+03
5.554507096884516613e+03
5.564797443961818317e+03
5.567258677535877723e+03
5.597620868676764076e+03
5.621392564392959684e+03
5.644434399786663562e+03
5.215381156270366773e+03
5.275860634471031517e+03
5.316720878895215719e+03
5.363095001457011676e+03
5.415031684728086475e+03
5.453959287511141156e+03
5.497347432001080961e+03
5.530041359413886312e+03
5.552875446416644991e+03
5.573359714398777214e+03
5.577323973541113446e+03
5.588223940545532059e+03
5.588110774339664204e+03
5.588485082353225152e+03
5.592019998559916530e+03
5.592230615299130477e+03
5.592141662232005729e+03
5.600699351353849124e+03
5.617938185347952640e+03
5.629428329782360379e+03
5.654685485861085908e+03
5.690081196181059568e+03
5.251731334077252541e+03
5.291926306745419424e+03
5.335029277908384756e+03
5.381715563076029866e+03
5.424714488341851393e+03
5.485034550185238913e+03
5.518429423174673502e+03
5.548512913994009068e+03
5.573249600102983095e+03
5.590690052202038714e+03
5.611217917621440392e+03
5.621324917738818840e+03
5.627112374464032655e+03
5.626490308794845078e+03
5.629661503205898043e+03
5.637518801501449161e+03
5.648777953442127910e+03
5.656946290548836259e+03
5.662691512049219455e+03
5.675358835279796949e+03
5.693242302370113975e+03
5.717064695728047809e+03
5.261905700955156135e+03
5.307188767890831514e+03
5.349222833033383722e+03
5.402271558960852417e+03
5.454339065296802801e+03
5.494715069296533329e+03
5.540358531671212404e+03
5.565902721683871277e+03
5.597961795723891555e+03
5.622992928620647945e+03
5.638038691568281138e+03
5.655175933851966874e+03
5.665022924922414859e+03
5.662441901152553328e+03
5.670636241784080994e+03
5.677238794753814545e+03
5.688843575898027666e+03
5.700732198880776195e+03
5.717149345532892767e+03
5.732807420581018960e+03
5.745007562582628452e+03
5.764000293426532153e+03
5.280355512784553866e+03
5.327209594669537182e+03
5.369728090607763079e+03
5.430609407806634408e+03
5.479411274670372222e+03
5.519873452380672461e+03
5.557153341191793515e+03
5.588556921993067590e+03
5.615945428900957268e+03
5.641599801937176380e+03
5.661458429362452080e+03
5.681573592447244664e+03
5.699776338651367041e+03
5.706916507999637361e+03
5.709203701633390665e+03
5.717142775586987227e+03
5.731512052049612066e+03
5.740952927695933795e+03
5.756290272110537444e+03
5.772482188636554383e+03
5.791097545702443313e+03
5.798217566614537645e+03
5.304714352929791858e+03
5.353953945229541205e+03
5.400471484618992690e+03
5.455047507937000773e+03
5.499438449618455707e+03
5.542313081439993766e+03
5.577894515678572134e+03
5.606254658580584874e+03
5.634282034025288340e+03
5.663641119663590871e+03
5.681505284098504490e+03
5.704322826738201911e+03
5.720254787164534719e+03
5.734943624457306214e+03
5.739445010875089793e+03
5.755781114048002564e+03
5.773521237693098556e+03
5.787690485245543641e+03
5.810291043109760722e+03
5.825018169727594795e+03
5.839335890477406792e+03
5.849310187201939698e+03
5.324322781390092132e+03
5.374313768628007892e+03
5.418486113234670484e+03
5.478352972817414411e+03
5.520991700314894842e+03
5.559777696196526449e+03
5.597324501233033516e+03
5.626098391052907573e+03
5.653433798112798286e+03
5.677455636144625714e+03
5.705590455153733274e+03
5.723818800517590716e+03
5.740519471650113701e+03
5.762745621817977735e+03
5.772663657159907416e+03
5.785294802550986788e+03
5.805442386398469353e+03
5.823135233289970529e+03
5.843770009507089526e+03
5.858844503202464693e+03
5.875151661204412449e+03
5.884372225393854023e+03
5.345368700952016297e+03
5.392326860597608174e+03
5.455099439961226381e+03
5.498050933324593643e+03
5.537837627628143309e+03
5.579841189054450297e+03
5.612405212096924515e+03
5.643749617675754052e+03
5.672607198940084345e+03
5.694190631302467409e+03
5.714941956639309865e+03
5.738773745851633066e+03
5.764831279731693940e+03
5.783385247759497361e+03
5.794595350080523531e+03
5.816110980942533388e+03
5.830054299708817780e+03
5.846804265945124826e+03
5.867441815278703871e+03
5.880765083348511325e+03
5.906012502022775152e+03
5.919744674919424142e+03
5.367832651246711976e+03
5.431684170490972974e+03
5.475645741135760545e+03
5.517353255349526080e+03
5.556882065107280141e+03
5.592420166027756750e+03
5.627819044850317368e+03
5.656902832636173116e+03
5.686407164725525035e+03
5.711924162084827003e+03
5.735004467419283174e+03
5.754062148242988769e+03
5.779004649309827073e+03
5.795499688143256208e+03
5.817087072583637564e+03
5.826061553233531413e+03
5.844197386041999380e+03
5.859005339053133866e+03
5.877367103811020570e+03
5.898047012167030516e+03
5.919156258290716323e+03
5.919424413058768550e+03
5.402088453589556593e+03
5.451003403296443139e+03
5.495437583563805674e+03
5.537860109283754355e+03
5.575052013223660651e+03
5.610978440449523077e+03
5.643470543347032617e+03
5.676025551304983310e+03
5.699086117961686796e+03
5.723920279975169251e+03
5.744984048628661185e+03
5.765527241490188317e+03
5.784669405123710021e+03
5.808905005091830390e+03
5.830263764922689006e+03
5.843343761157896552e+03
5.856201846365045640e+03
5.877920492708839447e+03
5.897445881069334973e+03
5.904284611322648743e+03
5.925793257842080493e+03
5.942175355413026409e+03
5.418127491179369827e+03
5.468015245615257300e+03
5.509123477076193012e+03
5.549749905573597971e+03
5.590207277013113526e+03
5.625251210404043377e+03
5.656773213822448270e+03
5.685051704349611100e+03
5.710900601391977034e+03
5.735459394442033954e+03
5.756513547148973885e+03
5.774266792641723441e+03
5.793894357621265954e+03
5.810152684215701811e+03
5.826688463600500654e+03
5.847339680088781279e+03
5.862203604104619444e+03
5.877815516610237864e+03
5.895257794364377332e+03
5.915638259090508654e+03
5.934926204232768214e+03
5.909428023309461423e+03
5.431525934354841411e+03
5.480171408059075475e+03
5.522689511471045989e+03
5.563995892301629283e+03
5.600388849159571691e+03
5.634156676795202657e+03
5.665135658762939784e+03
5.692855818013536918e+03
5.716840150394096781e+03
5.740573518048191545e+03
5.760311822550516808e+03
5.780652406023524236e+03
5.798167257109409547e+03
5.814388620129779156e+03
5.832747420836860329e+03
5.847261429838577897e+03
5.861595547526096198e+03
5.873377848258889571e+03
5.884387924096125062e+03
5.895518692867459322e+03
5.906616214554320322e+03
5.913158298424357781e+03
5.444590862101122184e+03
5.493250971449222561e+03
5.535815198917145608e+03
5.571171309226509038e+03
5.606027512530354215e+03
5.639102832147373192e+03
5.671162379829745987e+03
5.698565154970403455e+03
5.719382678315252633e+03
5.743461570107598163e+03
5.763064434981137310e+03
5.781366320441527932e+03
5.799585186540694849e+03
5.817787680930319766e+03
5.835259848072113527e+03
5.849643677693906284e+03
5.863010102190970429e+03
5.875463739342552799e+03
5.885194903719224385e+03
5.888192175582458731e+03
5.870675486785155954e+03
5.846395842917845584e+03
5.462863384956035588e+03
5.503794606571027543e+03
5.539734157413349749e+03
5.577497329227300725e+03
5.613593541756101331e+03
5.644762684869192526e+03
5.672323252215483080e+03
5.693528054774167686e+03
5.716984439018469857e+03
5.740673707373505749e+03
5.763666944333592255e+03
5.781307004552774742e+03
5.795488517989753745e+03
5.821077889071442769e+03
5.835621190160411061e+03
5.849318493826358463e+03
5.862139251819935453e+03
5.872254625537321772e+03
5.879619745511496149e+03
5.878979331972397631e+03
5.875126769290043740e+03
5.812013026451459154e+03
5.474506602581037441e+03
5.507938811124869972e+03
5.545169674151089566e+03
5.578207026330910594e+03
5.613635592413847917e+03
5.642420794661316904e+03
5.668403564326563355e+03
5.688121429830356647e+03
5.710923901396596193e+03
5.733560058660794311e+03
5.755989885399671039e+03
5.776593569541299075e+03
5.793149851598282112e+03
5.815134537882389850e+03
5.840343257931119297e+03
5.852159385264982120e+03
5.864229836944214185e+03
5.873359245869702136e+03
5.880231817598722046e+03
5.881017453988468333e+03
5.877640395048365463e+03
5.830645775218261406e+03
