5.280218736537209224e+03
5.310583931055733046e+03
5.334949992552932599e+03
5.362724690579520939e+03
5.391021639787621098e+03
5.421223173759055499e+03
5.445215688508807943e+03
5.462822775509506755e+03
5.475868092022624296e+03
5.488435697005990733e+03
5.498594678684253267e+03
5.506036683604902464e+03
5.519323342887779290e+03
5.537418767957897217e+03
5.557040557726734733e+03
5.577548939943832011e+03
5.600244919388266680e+03
5.622698954712896011e+03
5.650311781794309354e+03
5.669957592784938242e+03
5.682444406561725373e+03
5.694668520563457605e+03
5.276663083613973868e+03
5.303829330629535434e+03
5.328494970965613902e+03
5.356054399080310759e+03
5.383408307882056761e+03
5.408694597904684997e+03
5.429900179426615978e+03
5.447793851561262272e+03
5.463720822603085253e+03
5.472299668855750497e+03
5.480188810432496211e+03
5.486962772509386923e+03
5.499295608199725393e+03
5.516284575547225359e+03
5.531368474082833927e+03
5.552804686262938958e+03
5.579739266355071777e+03
5.600870875393584356e+03
5.622986728659531764e+03
5.649348389252326342e+03
5.670336172882676692e+03
5.681939814943502824e+03
5.263681170806585214e+03
5.289301416335074464e+03
5.313581054104898612e+03
5.340529990032388923e+03
5.367715023655034202e+03
5.394533497274626825e+03
5.414027709520580174e+03
5.431947295221591048e+03
5.445364245634936196e+03
5.455365410198430254e+03
5.462227953042171976e+03
5.466335824040525949e+03
5.477631669606506875e+03
5.491958437535245139e+03
5.505800046428603309e+03
5.528239731681312151e+03
5.555604340829442663e+03
5.580683396393601470e+03
5.602904705484803344e+03
5.628285620245049358e+03
5.650912581379112453e+03
5.673857095301233130e+03
5.245835878903712910e+03
5.268988024448410215e+03
5.294979111126428506e+03
5.321976827110848717e+03
5.350561372901383947e+03
5.375964826549972713e+03
5.398155992262211839e+03
5.414612368428129230e+03
5.424377919269964877e+03
5.435598116980603663e+03
5.441474707563374068e+03
5.443951680527183271e+03
5.455800392534837556e+03
5.468090485496739348e+03
5.482503541066484104e+03
5.503297034554771017e+03
5.527659421694670527e+03
5.555123184885525916e+03
5.580786291552500188e+03
5.602291022637029528e+03
5.625129636213298909e+03
5.652035814033603856e+03
5.229063088120823522e+03
5.250121993543645658e+03
5.273221835036620178e+03
5.302268687259699618e+03
5.332650795272294090e+03
5.356882627386886270e+03
5.379913471432580081e+03
5.398652490420157847e+03
5.407352944949760058e+03
5.417067070489487378e+03
5.422370993706151239e+03
5.426118152723019193e+03
5.435254396141624966e+03
5.446654736120085545e+03
5.458950319693799429e+03
5.479107932692228133e+03
5.503134994118849136e+03
5.532514267524375100e+03
5.559242142604294713e+03
5.582320302072837876e+03
5.602264187807077178e+03
5.624752331693525775e+03
5.210323251763407825e+03
5.233154056021418910e+03
5.259795474155908778e+03
5.289016336109881195e+03
5.317066639673565078e+03
5.342431051764175209e+03
5.367831663437481438e+03
5.386601054952975574e+03
5.395461643225969965e+03
5.402870605620417336e+03
5.410884216982572980e+03
5.414694551510357996e+03
5.419814180251089965e+03
5.430109888486516866e+03
5.440746234587726576e+03
5.457713612624826055e+03
5.482970208364531572e+03
5.510708649075198991e+03
5.537477261306557921e+03
5.563720705662568434e+03
5.584712743529347790e+03
5.605217937348050327e+03
5.188381305623224762e+03
5.215069068260419954e+03
5.245780345334102094e+03
5.277581351142914173e+03
5.307368613522028681e+03
5.340049866204773025e+03
5.366097965019253024e+03
5.383487092669661251e+03
5.393955703368267677e+03
5.400248847843880867e+03
5.406048841567998352e+03
5.408664701716850686e+03
5.412931550772202172e+03
5.418770234390988662e+03
5.426071543017998920e+03
5.438807281220266304e+03
5.464178075925829035e+03
5.490832289792993834e+03
5.515351584526730221e+03
5.540517445692752517e+03
5.563594362347766037e+03
5.589148690361395893e+03
5.171817609560133860e+03
5.202378493013823572e+03
5.237287024445377938e+03
5.271950164496557591e+03
5.306990431129137505e+03
5.344530533569857653e+03
5.370421683848694556e+03
5.390738706493186328e+03
5.404918616099469546e+03
5.413067040002015347e+03
5.415570292539895490e+03
5.413273956573048963e+03
5.413423937695303721e+03
5.417957636100356467e+03
5.422343515907892652e+03
5.431168658486768436e+03
5.449889653912692665e+03
5.475603806627870654e+03
5.501533185475655046e+03
5.524758747995619160e+03
5.549260347801715398e+03
5.575575116132143194e+03
5.167570048576939371e+03
5.202779483468669241e+03
5.240383686130503520e+03
5.278684264277098919e+03
5.317593937941420336e+03
5.352776793424975040e+03
5.383290988506548274e+03
5.404894781727711234e+03
5.419744045303123130e+03
5.429391200161097004e+03
5.429946644935976110e+03
5.426446544637662555e+03
5.424293643256719406e+03
5.424382930622908134e+03
5.425934909422325291e+03
5.430725563863764364e+03
5.444782869542995286e+03
5.464621323634361033e+03
5.488868091454384739e+03
5.514088133813552304e+03
5.537221460932318223e+03
5.565427545302040926e+03
5.170332184872160724e+03
5.207073220401464823e+03
5.245684114330447301e+03
5.288299119119354145e+03
5.332207102130656494e+03
5.368099366077066406e+03
5.400402209675955419e+03
5.423658407911265385e+03
5.437826929028509767e+03
5.449106386897913580e+03
5.447077012961114633e+03
5.443176343672096664e+03
5.440164975875029086e+03
5.436285260658621155e+03
5.432160292779974952e+03
5.435243081426138815e+03
5.445138233591472272e+03
5.459102364333601145e+03
5.478340881999983139e+03
5.504721767809000085e+03
5.532980428731284519e+03
5.561294700446194838e+03
5.173812544796926886e+03
5.215801724319061577e+03
5.256068192356347026e+03
5.303235098003588064e+03
5.348328229218179331e+03
5.387902161261904439e+03
5.421464623114809910e+03
5.444919615925658945e+03
5.461136517016472681e+03
5.469285391142318986e+03
5.468974511075132796e+03
5.464962487756089104e+03
5.460507009212309640e+03
5.454040482729972609e+03
5.447458154916101194e+03
5.446644606484466749e+03
5.451326327163873430e+03
5.463922314760302470e+03
5.482654054268539767e+03
5.509995643832427049e+03
5.537115602783181203e+03
5.570486756204230915e+03
5.178824525823421936e+03
5.223114048697511862e+03
5.272921269184397715e+03
5.323474011809573312e+03
5.366965155872611831e+03
5.406062741569232458e+03
5.443006039636372407e+03
5.469866414361938951e+03
5.486158353565449033e+03
5.493887370376695799e+03
5.493212219870218178e+03
5.490971525409227979e+03
5.488525611143311835e+03
5.483016987351040370e+03
5.478244706338032302e+03
5.472585379647545778e+03
5.470637403418327267e+03
5.482701868583998476e+03
5.502199932100362275e+03
5.526793140058392055e+03
5.551248829594806921e+03
5.583522508543631375e+03
5.170139125473149761e+03
5.215909090419952008e+03
5.277249485095606360e+03
5.343954078701724939e+03
5.384187383623273490e+03
5.427286325087031400e+03
5.469758307033498568e+03
5.496293885415321711e+03
5.511018205218188996e+03
5.520361542406860281e+03
5.522704520116266394e+03
5.521834747469533795e+03
5.520347108254012710e+03
5.515854144989215456e+03
5.511125996029696580e+03
5.508618641626294448e+03
5.507010572403962215e+03
5.512472305094534022e+03
5.528024366451717469e+03
5.553100789938765047e+03
5.580973020949694728e+03
5.613372269777212750e+03
5.151523437989914783e+03
5.204057757644031881e+03
5.276966433486170899e+03
5.351866830833123458e+03
5.405874202994965344e+03
5.452612632991820647e+03
5.494229925184256899e+03
5.518111159746852536e+03
5.533548598845695778e+03
5.547087916998061701e+03
5.553850472988187903e+03
5.556656679774770055e+03
5.556272328463938720e+03
5.552812478910641403e+03
5.549858033796675045e+03
5.550376542981199236e+03
5.553099463841671422e+03
5.557687624942739603e+03
5.572455359142798443e+03
5.596526304317788345e+03
5.626611124612800268e+03
5.664028966937838959e+03
5.134521396838574219e+03
5.204513625595780468e+03
5.279598639681964414e+03
5.358882409285022732e+03
5.426483250137886898e+03
5.473104465920457187e+03
5.512311523496787231e+03
5.542110920669614643e+03
5.558924226526680286e+03
5.575036980891175517e+03
5.584293795388149192e+03
5.590712926897114812e+03
5.592677416226249079e+03
5.593694570844470036e+03
5.595917929648107020e+03
5.597823522478714040e+03
5.601943222819226321e+03
5.611299673712713229e+03
5.625082567156122423e+03
5.648101757846685359e+03
5.678574677176145997e+03
5.713735857494790253e+03
5.135194163107895292e+03
5.212185793877312790e+03
5.290360041749342599e+03
5.370032276126245961e+03
5.443274744174404987e+03
5.495321330598975692e+03
5.530236506723336788e+03
5.561997052581772550e+03
5.584854546104440487e+03
5.600129431296203620e+03
5.613478325682843206e+03
5.624476156892663312e+03
5.631284307633539356e+03
5.635579368717411853e+03
5.639555683711517304e+03
5.644806488804023502e+03
5.651271762501406556e+03
5.661731436254647633e+03
5.675221489811082392e+03
5.696374039852249552e+03
5.724934985307715579e+03
5.755796480730718031e+03
5.151705908359410387e+03
5.225914765241717760e+03
5.313561427922164512e+03
5.389577099465151150e+03
5.464595677117660671e+03
5.513936426044878317e+03
5.549023816886338864e+03
5.582548695860380576e+03
5.607862091655750191e+03
5.624110708749774858e+03
5.641175686170385234e+03
5.655896601563388685e+03
5.665381241619827051e+03
5.673361077507014670e+03
5.679833961561164870e+03
5.687333452592431968e+03
5.694649710440834497e+03
5.706433024587724503e+03
5.719936017721064673e+03
5.739439990776813829e+03
5.763095299200896079e+03
5.788368543388337457e+03
5.182439178853572230e+03
5.258764079206690440e+03
5.342842229527085692e+03
5.420582075888851250e+03
5.488986394716980612e+03
5.533087756021626774e+03
5.570136166488809067e+03
5.605383470215838315e+03
5.629491807689551024e+03
5.646991269218030538e+03
5.664355627841559908e+03
5.680976968517159548e+03
5.694368047401902004e+03
5.705597192146468842e+03
5.716521308690890692e+03
5.726390557654915938e+03
5.735656535570210508e+03
5.746362029078966771e+03
5.760697920611806694e+03
5.777747860044840309e+03
5.795783648656562036e+03
5.818142023188362145e+03
5.221059549994251938e+03
5.296409475780573302e+03
5.377397566304259271e+03
5.453626044191077199e+03
5.514803338455640187e+03
5.557652987326515358e+03
5.593099773091608768e+03
5.624328642673122886e+03
5.648352260293670952e+03
5.666752126270647750e+03
5.684965576723480808e+03
5.704984770319599193e+03
5.723470046824511883e+03
5.737507526595602940e+03
5.749425914148586344e+03
5.760253326373102936e+03
5.770164888736882858e+03
5.780471566058152348e+03
5.792807776885983913e+03
5.807635733686444837e+03
5.823800757177909873e+03
5.842237845516074231e+03
5.257301222489343672e+03
5.335815331151090504e+03
5.413575112489255844e+03
5.483493407383773956e+03
5.540016480262862387e+03
5.581290377284602982e+03
5.612194777307953700e+03
5.639747361236649340e+03
5.664491930897354905e+03
5.684425948694077306e+03
5.703812191269581490e+03
5.725102787547269145e+03
5.744476123461418865e+03
5.762013983946748340e+03
5.775619339179984308e+03
5.786461316224900656e+03
5.796316771814247659e+03
5.804477540990537818e+03
5.816911255990980862e+03
5.831623641418896113e+03
5.847203591986471110e+03
5.865734650579635854e+03
5.291941817761043239e+03
5.368177567371319128e+03
5.449183988884840801e+03
5.505705583406667756e+03
5.558065429178863269e+03
5.602748531720317260e+03
5.630787433586579027e+03
5.655405258533284723e+03
5.678509325774760327e+03
5.699388098970585816e+03
5.720305243943093956e+03
5.740435498815350002e+03
5.760289286725787861e+03
5.777291657289420982e+03
5.793067805947339366e+03
5.808286797784203372e+03
5.819869602941215817e+03
5.829367309152587040e+03
5.839979971199186366e+03
5.853311613096598194e+03
5.866440936454694565e+03
5.881645071285789527e+03
5.318545227411147607e+03
5.396090687798460749e+03
5.472036864624465125e+03
5.526975495315742592e+03
5.575129252706880834e+03
5.619039491236902904e+03
5.645075906846728685e+03
5.669071366037082043e+03
5.691498525912688820e+03
5.712895969688479454e+03
5.733529573479011560e+03
5.753094140211355807e+03
5.771540513517517866e+03
5.788920710462783973e+03
5.806077108488229896e+03
5.821841717584557955e+03
5.835143584669439406e+03
5.846783531050732563e+03
5.857981708165470991e+03
5.867765929185870846e+03
5.877850533804538827e+03
5.893828297985096469e+03
5.348273181227043096e+03
5.417403446334752516e+03
5.490285218006484683e+03
5.544495239730918911e+03
5.590867534761754541e+03
5.628222642795870343e+03
5.654848950423234783e+03
5.679686277267990590e+03
5.702424568648024433e+03
5.723369215646543125e+03
5.744508481636679790e+03
5.762788880388646248e+03
5.782215851181164908e+03
5.800708191336846539e+03
5.817741572626694506e+03
5.831398457875484382e+03
5.844311234957349370e+03
5.856579160119619701e+03
5.866670095317606865e+03
5.877304026426581913e+03
5.885770627427359614e+03
5.895585276254621931e+03
5.370906657706841543e+03
5.437589166133923754e+03
5.506106125185388919e+03
5.556424350055869581e+03
5.598606990220907392e+03
5.633327692455121905e+03
5.660254937963924021e+03
5.686061300120121814e+03
5.709645559443641105e+03
5.730642324815427855e+03
5.751500202423665542e+03
5.771177102676205322e+03
5.791810813479337412e+03
5.810483034986527855e+03
5.827395398096499775e+03
5.840602892643315499e+03
5.852408862985477754e+03
5.862534958951705448e+03
5.869956900258961468e+03
5.875645517007838862e+03
5.880557784407596955e+03
5.886391305254606777e+03
5.393309231975705188e+03
5.454312417025859759e+03
5.514764743061597073e+03
5.562662413802316223e+03
5.603189023781508695e+03
5.637325724238382463e+03
5.664681159703915000e+03
5.690421139154700541e+03
5.715376784040534403e+03
5.735905741853384825e+03
5.757384703027083560e+03
5.778983380737614425e+03
5.800691774869558685e+03
5.819236426459485301e+03
5.834148323874163907e+03
5.847744621109472064e+03
5.859355076794880915e+03
5.868733906891814513e+03
5.875311254205678779e+03
5.881293678467870450e+03
5.887453759912204077e+03
5.885571715249481713e+03
5.413586327794498175e+03
5.471035865113317413e+03
5.520531879374612799e+03
5.567129411493680891e+03
5.607711659124604012e+03
5.639853305716710565e+03
5.667272857193237542e+03
5.691704030291406525e+03
5.717039503724349743e+03
5.739851656430002549e+03
5.763634448809506466e+03
5.786067920808796771e+03
5.809001988475290091e+03
5.827570543526785514e+03
5.843462382134908694e+03
5.855522833221120891e+03
5.866699433837775359e+03
5.875568482679876979e+03
5.883014492059937766e+03
5.889742570943928513e+03
5.894166939588246350e+03
5.896374114086760528e+03
5.432902199645827750e+03
5.477747049818324740e+03
5.525413264970944510e+03
5.572211430874155667e+03
5.607725493925310730e+03
5.637636775153496274e+03
5.667224288137402255e+03
5.691312333074427443e+03
5.717342719200993997e+03
5.742422316544681962e+03
5.769043118927794239e+03
5.792720768976423642e+03
5.814168576673843745e+03
5.835892104505325733e+03
5.850982682230006503e+03
5.863739597296655120e+03
5.875080979343810213e+03
5.883180533687682328e+03
5.890082218495867892e+03
5.895399050776107288e+03
5.899348873356376316e+03
5.903114532046874956e+03
5.442092947723992438e+03
5.485682516425249560e+03
5.529798917164795057e+03
5.568676742461068898e+03
5.601356402067839554e+03
5.632878603873620705e+03
5.660865912263575410e+03
5.685317049866785055e+03
5.712735339762615695e+03
5.742392501310858279e+03
5.772631701797075038e+03
5.797842752153029323e+03
5.819910920616952353e+03
5.841322968253876752e+03
5.859018435667612721e+03
5.871723240148237892e+03
5.881941875166640784e+03
5.889780796577647379e+03
5.895787475916145013e+03
5.900426200763675297e+03
5.904078053793993604e+03
5.906052372102964910e+03
