5.299478304630535604e+03
5.316072344050827269e+03
5.332215185150685102e+03
5.350201506508754392e+03
5.370841027704914268e+03
5.391582594923232136e+03
5.408066178057998513e+03
5.422311897825893539e+03
5.436432493750785397e+03
5.448697788042817592e+03
5.459015923071962789e+03
5.467027280593597425e+03
5.477379038634599056e+03
5.490557171282818672e+03
5.502345085396326795e+03
5.515072711347812401e+03
5.529069775707487679e+03
5.542927242912740439e+03
5.558738396871892292e+03
5.575144520150159224e+03
5.587700305110490262e+03
5.599790425780121950e+03
5.302294616269391554e+03
5.317499027778944765e+03
5.333885034990114946e+03
5.351108251775191093e+03
5.370259532655682051e+03
5.387443980216009550e+03
5.403021434517853777e+03
5.417278044116937963e+03
5.432146772082821371e+03
5.442928522426432210e+03
5.452206106647025081e+03
5.459898497322395997e+03
5.471168042097206126e+03
5.483092701238205336e+03
5.494149198224320571e+03
5.506808531227569802e+03
5.520621370825961094e+03
5.534627034115752394e+03
5.548459750243458984e+03
5.564234090876359005e+03
5.577394121927504784e+03
5.587835273428858272e+03
5.300208714093522758e+03
5.314463098839482882e+03
5.331297790006352443e+03
5.349252245887392746e+03
5.366775172866996400e+03
5.383496021761910924e+03
5.398845699833686012e+03
5.413028054220751073e+03
5.426500521741148077e+03
5.437897697057405821e+03
5.446427112080050392e+03
5.453667990260167244e+03
5.464564149535818615e+03
5.476285320276874700e+03
5.487284175068310105e+03
5.499763907735432440e+03
5.512880646644297485e+03
5.526630838303556629e+03
5.539074525688599351e+03
5.553647078115918703e+03
5.568544067007711419e+03
5.580478085710097730e+03
5.292400935287861103e+03
5.306765553027275018e+03
5.325246964847601703e+03
5.344756980260096498e+03
5.363739346078296876e+03
5.379485989177326701e+03
5.394680235661918232e+03
5.408838177836792056e+03
5.420774788328692921e+03
5.432873962895707336e+03
5.441934579517810562e+03
5.448856829061053759e+03
5.458796975175160696e+03
5.469416118744714367e+03
5.480680000787179779e+03
5.492107235121748090e+03
5.504508380129481338e+03
5.517804971187929368e+03
5.530282848159804416e+03
5.542737039951996849e+03
5.556489329206549883e+03
5.570411950352697204e+03
5.282645276886697502e+03
5.297954305427664622e+03
5.316076765203276409e+03
5.337352917499860268e+03
5.359496126223642932e+03
5.375399675089202901e+03
5.391793095359244944e+03
5.406748237319029613e+03
5.418319841218971305e+03
5.430082838590221399e+03
5.439807203434562325e+03
5.445639787719140259e+03
5.454197447025733709e+03
5.464397058774224206e+03
5.474587926485480239e+03
5.485179652238783092e+03
5.496805792356875827e+03
5.509391155379548763e+03
5.521422673478480647e+03
5.534411281987951043e+03
5.546630872592553715e+03
5.558901698405747993e+03
5.270751974746681299e+03
5.287759565997914251e+03
5.307184109075295055e+03
5.329648897383502117e+03
5.351346678511570644e+03
5.371722179427206356e+03
5.391669669737697404e+03
5.407143987914490936e+03
5.419187230337340225e+03
5.430313078537556976e+03
5.440093255379358197e+03
5.445140716611517746e+03
5.452291616509097366e+03
5.461331718523717427e+03
5.470496209620650916e+03
5.479729461574138440e+03
5.490046363246833607e+03
5.501532895173150791e+03
5.512818975811606833e+03
5.525035747870333580e+03
5.538484218753282221e+03
5.550720366070391719e+03
5.258264879812525578e+03
5.277610883365618974e+03
5.298576384156975109e+03
5.321979644938612182e+03
5.345116887107824368e+03
5.371388087832533529e+03
5.393348745866994250e+03
5.409575603520221193e+03
5.423627664772355274e+03
5.433279463675849911e+03
5.441626984230188100e+03
5.446061295628214793e+03
5.452507606503786519e+03
5.460509810975493565e+03
5.468205013190988211e+03
5.476123561407104717e+03
5.485365383378738443e+03
5.495549392947840715e+03
5.505310749409040909e+03
5.516247504088010828e+03
5.530768869033540795e+03
5.547097342154312173e+03
5.249066193887191730e+03
5.270430796337343963e+03
5.292965424129285566e+03
5.318950465025748599e+03
5.348049946173132412e+03
5.377457903482287293e+03
5.399076014959451641e+03
5.416736891451714655e+03
5.431063145231439194e+03
5.440614412299823925e+03
5.446732805307621675e+03
5.450364599830842963e+03
5.454713425627533979e+03
5.461778339851291094e+03
5.468508881072207259e+03
5.474890284182431969e+03
5.482750846568778798e+03
5.492766542470942113e+03
5.502621741900762572e+03
5.513891171734577256e+03
5.529887104575243029e+03
5.547688860398080578e+03
5.243124510778470722e+03
5.269356407573754950e+03
5.297352571768637972e+03
5.326611246204663985e+03
5.358493193054421681e+03
5.386459135247328959e+03
5.409560480672548692e+03
5.428306247832924782e+03
5.441515426364692757e+03
5.451222454968766215e+03
5.457345842846199957e+03
5.460272605841363657e+03
5.463845148328417963e+03
5.469379865751337093e+03
5.474523577691548780e+03
5.479808022928318678e+03
5.487679338101731446e+03
5.495955872331918727e+03
5.505008089558088614e+03
5.516934504234573069e+03
5.531131997718894127e+03
5.550235050474280797e+03
5.242546988842903374e+03
5.269708899153630227e+03
5.301854298147201916e+03
5.336435856561278342e+03
5.373014305115561910e+03
5.400583243888714605e+03
5.424178711309413302e+03
5.443065588238700002e+03
5.455534080487186657e+03
5.466560589513501327e+03
5.470583123194911423e+03
5.473636390652570299e+03
5.476975011918379096e+03
5.480277327998418514e+03
5.483820673525377060e+03
5.490066039076848938e+03
5.497015639814972928e+03
5.503708843938935388e+03
5.511630811078294755e+03
5.525402138170793478e+03
5.541945379020117798e+03
5.561019994071937617e+03
5.241895497042673924e+03
5.275447287717456675e+03
5.309241663310825061e+03
5.348431509556217861e+03
5.386557290694276162e+03
5.417114188014357751e+03
5.442521248945435218e+03
5.461513754149024862e+03
5.475230755217285150e+03
5.484253123701131699e+03
5.489557339961604157e+03
5.492493478568913815e+03
5.494581711118313251e+03
5.497033532655902491e+03
5.500358008211083870e+03
5.506331431381957373e+03
5.512437193711643886e+03
5.521053829246789064e+03
5.529458508319610701e+03
5.543425800230868845e+03
5.559803070291328368e+03
5.579678688701209467e+03
5.250601010417290126e+03
5.281932113541769468e+03
5.320238736287141364e+03
5.362588380292239890e+03
5.400655649232047836e+03
5.432679115158951390e+03
5.461097665773469089e+03
5.482659545213366073e+03
5.496665117964696037e+03
5.505088497270351581e+03
5.510091967591746652e+03
5.513367495234831040e+03
5.517381712357163451e+03
5.521447302864963603e+03
5.526038510910049808e+03
5.530043336876809008e+03
5.537604853159761660e+03
5.546220293544144624e+03
5.556903347815556117e+03
5.570430473444386735e+03
5.584321119493829428e+03
5.602374941485897580e+03
5.260367477614528070e+03
5.288262013767971439e+03
5.329241633410142640e+03
5.377489428178987509e+03
5.414444846563930696e+03
5.451144815417890641e+03
5.484749231942731058e+03
5.506404994047427863e+03
5.518752301521019945e+03
5.527592844011087436e+03
5.533544434357192586e+03
5.537680559541484399e+03
5.542969223496423183e+03
5.547270846697502748e+03
5.552232983960826459e+03
5.559352694728707320e+03
5.566855077615546179e+03
5.575308113491163567e+03
5.586000278517070001e+03
5.599130255482662506e+03
5.612493601174613104e+03
5.628697651708982448e+03
5.266807286895692414e+03
5.295218831311815848e+03
5.340860078675797922e+03
5.391341165006391748e+03
5.433884592333761248e+03
5.473770688256915491e+03
5.507264666405854769e+03
5.527133757759464970e+03
5.539599116116592086e+03
5.550527506761285622e+03
5.558079431953889980e+03
5.564279695046049710e+03
5.569872065773396571e+03
5.574919587273812795e+03
5.580656301113496738e+03
5.588921555085894397e+03
5.597313442062404647e+03
5.606196289085053650e+03
5.616346075233922420e+03
5.628268344250780501e+03
5.640158986462847679e+03
5.656318326461333527e+03
5.272329606101051468e+03
5.307432241244890974e+03
5.356219399176489787e+03
5.407157174393275454e+03
5.453741259061906931e+03
5.494867403680003918e+03
5.526761063047370044e+03
5.550450431159475556e+03
5.563003582274997825e+03
5.575568424525117734e+03
5.582630262209245302e+03
5.590083606045992383e+03
5.596038467537870019e+03
5.602786262880038521e+03
5.610044962786386350e+03
5.617799480784715342e+03
5.626306444658675900e+03
5.635429017942611608e+03
5.644752177431046221e+03
5.655249405135687084e+03
5.668514364932545504e+03
5.685119639511642163e+03
5.283862630648059167e+03
5.322925831676174312e+03
5.371541292730784335e+03
5.425347309471140761e+03
5.474777831859662911e+03
5.518697148043726884e+03
5.548498354000277686e+03
5.572785879789136743e+03
5.589197161822066846e+03
5.599117596929309912e+03
5.607918208512850470e+03
5.617169340838704557e+03
5.623655950844815379e+03
5.630477376706938230e+03
5.637861553016610742e+03
5.646077543038254589e+03
5.654987345383856336e+03
5.663670300865485842e+03
5.671910611796250123e+03
5.681382703563495852e+03
5.694511867454263665e+03
5.707129128397249588e+03
5.299930393986886884e+03
5.341596580426175024e+03
5.395694789715024854e+03
5.448120245397338294e+03
5.499787688194257498e+03
5.540786255611947126e+03
5.570240935615703165e+03
5.595358413595729871e+03
5.613239969105582531e+03
5.623307437112830485e+03
5.634479153800479253e+03
5.643312501750370757e+03
5.651177506997216369e+03
5.657457728457905432e+03
5.664949860236262793e+03
5.672964272720175359e+03
5.681443994385820588e+03
5.690174101086790870e+03
5.697160907743504140e+03
5.705873458285136621e+03
5.715311611063732016e+03
5.726584641963263493e+03
5.319542345542908151e+03
5.371131344579985125e+03
5.421714831054458045e+03
5.474657592755113910e+03
5.523935283482339401e+03
5.561859182918771694e+03
5.592729164493033750e+03
5.618368437828221431e+03
5.634608101738639562e+03
5.646455794585105650e+03
5.657050167836025139e+03
5.666499944797021271e+03
5.675518231623326756e+03
5.682932766453886870e+03
5.691477783662927322e+03
5.699506728751174705e+03
5.707095567494010538e+03
5.713737509009723908e+03
5.721100676670569555e+03
5.728476504984923849e+03
5.734589568248312389e+03
5.744474290579899389e+03
5.350642193158471855e+03
5.398858197389225097e+03
5.450937629815981381e+03
5.501037610349948409e+03
5.546449636123919845e+03
5.583005011318363358e+03
5.611795796154295203e+03
5.634230790081587656e+03
5.651849426040123944e+03
5.665359940392178942e+03
5.677449724152789713e+03
5.690189004639436462e+03
5.700935937338593249e+03
5.708972797064230690e+03
5.717120383347413735e+03
5.724542516790163063e+03
5.731671299102542434e+03
5.737529652856772373e+03
5.742960773385281755e+03
5.748071820697274234e+03
5.753225540159080083e+03
5.761483484552518348e+03
5.380440294745147185e+03
5.426654534435275309e+03
5.476519193414253095e+03
5.521498347469198961e+03
5.564408294746220236e+03
5.598305865059920507e+03
5.624028898482980367e+03
5.645555953930609576e+03
5.664871015548401374e+03
5.680222601721126011e+03
5.694949533767901812e+03
5.709094887663293775e+03
5.720133162675449967e+03
5.729249535765507972e+03
5.737534660678619730e+03
5.744640402397497382e+03
5.751238966366126078e+03
5.756251944013789398e+03
5.761214567750388596e+03
5.766343081237549995e+03
5.771927241037301428e+03
5.777507698871067078e+03
5.408095010972002456e+03
5.450580601303981894e+03
5.496387293985667384e+03
5.536949099920255321e+03
5.576187007363824705e+03
5.610909013780340501e+03
5.634412952006734486e+03
5.655195643470584400e+03
5.674487759079716852e+03
5.691732917140482641e+03
5.708219881283146606e+03
5.722848013378848918e+03
5.734756642622738582e+03
5.744580437090750820e+03
5.753601040116054719e+03
5.763094652853367734e+03
5.771173357702898102e+03
5.777512270596536837e+03
5.783679255553342955e+03
5.788931399375371257e+03
5.791378085110316533e+03
5.795709871449646016e+03
5.431140481922999243e+03
5.470513578075229816e+03
5.511748867729051199e+03
5.550033354728643644e+03
5.586377542692694988e+03
5.620279897529701884e+03
5.642131135431771327e+03
5.663010818646895132e+03
5.682962022716001229e+03
5.701078722063503847e+03
5.717557461678767140e+03
5.732594303579367079e+03
5.745666640754873697e+03
5.757457192533389389e+03
5.769273276220658772e+03
5.779984977723756856e+03
5.789608450870595334e+03
5.797734634906531028e+03
5.804201867438432600e+03
5.808171844076219713e+03
5.811325178618411883e+03
5.815961880686077166e+03
5.450713656173088566e+03
5.484921156788165717e+03
5.524299118121341053e+03
5.560756394710349014e+03
5.596469301489569261e+03
5.624817418687104691e+03
5.648008404595229877e+03
5.669565843597543790e+03
5.689540057394588985e+03
5.707399396476642323e+03
5.725199856576829916e+03
5.740106757440984438e+03
5.756363026629477645e+03
5.771196662725409624e+03
5.784315859177074344e+03
5.795048939154057734e+03
5.804866287781474966e+03
5.813986938018370893e+03
5.820541484643687909e+03
5.825733377673541327e+03
5.829581243680751868e+03
5.833509272494085963e+03
5.464651350518057370e+03
5.497372554006090468e+03
5.534757357345867604e+03
5.568052883516397742e+03
5.600702349302689072e+03
5.627449566391440385e+03
5.651032698098543733e+03
5.672871932350295538e+03
5.693580490445519899e+03
5.711506260266550271e+03
5.729726374568741448e+03
5.747133462214645078e+03
5.765558848415141256e+03
5.782667694393107922e+03
5.797370915556001819e+03
5.808620561504828402e+03
5.818543301612422511e+03
5.827078509170266443e+03
5.832858640861067215e+03
5.837555053758894246e+03
5.842051416858776975e+03
5.847759036768142323e+03
5.476231171625818206e+03
5.506014464338648395e+03
5.540454537510623595e+03
5.572142720874775478e+03
5.603085744270509167e+03
5.630229000272097437e+03
5.653501161112188129e+03
5.674631762515233277e+03
5.696334056758993029e+03
5.714454241330075092e+03
5.734020786843051610e+03
5.753974703521500487e+03
5.774606146002304740e+03
5.792353902541559364e+03
5.806731739667225156e+03
5.818537752539278699e+03
5.828724603261790435e+03
5.836977105055053471e+03
5.842873178491901854e+03
5.848724074099734025e+03
5.854395043271608301e+03
5.858502790287894641e+03
5.484327661702021942e+03
5.513375817898831883e+03
5.543756865135223052e+03
5.574020776680795279e+03
5.605239899788403818e+03
5.632292017013189252e+03
5.655117557476629372e+03
5.674601230047624995e+03
5.696531557742696350e+03
5.716735648927319744e+03
5.738619835747771504e+03
5.760610582981292282e+03
5.783058194067100885e+03
5.801514669011970909e+03
5.816386387781809390e+03
5.827307445556161838e+03
5.837506446585452977e+03
5.845201112715752970e+03
5.851778803024276385e+03
5.858059223843138170e+03
5.861872075833398412e+03
5.866189760485551233e+03
5.490496469411874386e+03
5.515715453890117715e+03
5.544957697339137667e+03
5.575101518176039463e+03
5.605887616843945580e+03
5.630166417863370953e+03
5.654304690917666449e+03
5.673715785313214838e+03
5.695310684636305268e+03
5.717627952814900709e+03
5.742381813061776484e+03
5.766372516740783794e+03
5.789029922308810455e+03
5.810054860281281435e+03
5.823555748296910679e+03
5.834979054469110451e+03
5.845122185030006221e+03
5.852040998005125402e+03
5.857945624066946948e+03
5.862671158946890500e+03
5.866180120509032349e+03
5.871159729170119135e+03
5.491225000103120692e+03
5.517522594811525778e+03
5.545757360455104390e+03
5.573145791145342628e+03
5.601304937381268246e+03
5.627736117028008266e+03
5.652897685976456160e+03
5.672201221564677326e+03
5.693677910823210368e+03
5.717173018616728768e+03
5.744439804360838025e+03
5.770597163099316276e+03
5.795132161214472944e+03
5.815136815769963505e+03
5.830705881852657512e+03
5.841693272998217253e+03
5.850355113020800673e+03
5.856919104663139478e+03
5.862232677279264863e+03
5.866361075689041172e+03
5.870065005377761736e+03
5.873052301470640487e+03
