5.304291060458303946e+03
5.337524807625151880e+03
5.362622697661603524e+03
5.398274200892685258e+03
5.426029756106962850e+03
5.450675725146984405e+03
5.473343839658920842e+03
5.491419537795307406e+03
5.503823118557375892e+03
5.510611349353254809e+03
5.516504311017544751e+03
5.527522641323485914e+03
5.545678333094816480e+03
5.571749908930883976e+03
5.603768468612213837e+03
5.632262925793173054e+03
5.656301804888249535e+03
5.678755840212878866e+03
5.704663538357644029e+03
5.709120264068892538e+03
nan
nan
5.290158015672969668e+03
5.310940864135916854e+03
5.331398157354531577e+03
5.360814266498935467e+03
5.392157558656852416e+03
5.423049366039152119e+03
5.445377495207264474e+03
5.468723938209963308e+03
5.489431302180975763e+03
5.492838986628761631e+03
5.498473979230901932e+03
5.508297546175935167e+03
5.525143445917076860e+03
5.548003443310018156e+03
5.570156862817842921e+03
5.597107557448336593e+03
5.631555789135899431e+03
5.654008952500345913e+03
5.666628348363076839e+03
5.685546123150991662e+03
5.707361735968223002e+03
5.721102486227457121e+03
5.261222022629940511e+03
5.276226221430779333e+03
5.288420756863800307e+03
5.322545910873272078e+03
5.355884018018549796e+03
5.388380908909937716e+03
5.415560877292029545e+03
5.444923211065160103e+03
5.462667318806730691e+03
5.467396967716586005e+03
5.475225056057951406e+03
5.482380119117807226e+03
5.495400541499329847e+03
5.513093482467118520e+03
5.534424246943686740e+03
5.560534520503320891e+03
5.593702487355159974e+03
5.620431263702941578e+03
5.638908959683896683e+03
5.661498782428954655e+03
5.683944500484274613e+03
5.707371898673769465e+03
5.236965515219687404e+03
5.248054201760482101e+03
5.270351210201984941e+03
5.299113886563342021e+03
5.332618932041178596e+03
5.365152553971715861e+03
5.391219550101809546e+03
5.411148019274154649e+03
5.418018604712084198e+03
5.430701225643024372e+03
5.434447955836299116e+03
5.440143740946215985e+03
5.456929857881482349e+03
5.467599164219997874e+03
5.489054261252626929e+03
5.514173823966614691e+03
5.535635467292469002e+03
5.567122339361114427e+03
5.600326794005482043e+03
5.631462177496445292e+03
5.656479635670191783e+03
5.683056208410465842e+03
5.218470106899238090e+03
5.229942064168497382e+03
5.252352713541308731e+03
5.281243835554478210e+03
5.322557840173725708e+03
5.355892744337288605e+03
5.380683899967923026e+03
5.392781000162573037e+03
5.386618551526710689e+03
5.392967539176547689e+03
5.399096736338470691e+03
5.402273830476703552e+03
5.414272669809914078e+03
5.431531084193363313e+03
5.447556114590893230e+03
5.466750100779147033e+03
5.482709744919591685e+03
5.522794053991409783e+03
5.566052764028596357e+03
5.602989932972137467e+03
5.632042369590077215e+03
5.653707468025571870e+03
5.195852063928431562e+03
5.217241981516846863e+03
5.242888463432610479e+03
5.274962668754397782e+03
5.317096681786353656e+03
5.350664124338328293e+03
5.376808928726741215e+03
5.386759256789249775e+03
5.383658656581094874e+03
5.386033595121836697e+03
5.391495952855917494e+03
5.391162199437550953e+03
5.398445445550507429e+03
5.414697619198856046e+03
5.428688077131153477e+03
5.442434926595910838e+03
5.455164404763807397e+03
5.482278846810202594e+03
5.527982161985237326e+03
5.575059809978476551e+03
5.616295204016662865e+03
5.633344256814399159e+03
5.173910117788248499e+03
5.200597880425443691e+03
5.231309157499125831e+03
5.265975171913497434e+03
5.307859058767724491e+03
5.350024590436653853e+03
5.376072689251133852e+03
5.388307056508589994e+03
5.389573913421894758e+03
5.392696430743219025e+03
5.396036287988938057e+03
5.398688470661926658e+03
5.403676646742121193e+03
5.409996720172832283e+03
5.418542120479023652e+03
5.425178724864605101e+03
5.436899507942139280e+03
5.457671020432335354e+03
5.507287330880236368e+03
5.553401529363737609e+03
5.596006166552372633e+03
5.628801025153362389e+03
5.159071688672293021e+03
5.187907305178847309e+03
5.222815836610401675e+03
5.257478976661581328e+03
5.305853468346603222e+03
5.352541109600791970e+03
5.380396408080575384e+03
5.396072405408506711e+03
5.406789191769154058e+03
5.413101193060110745e+03
5.418095113765574752e+03
5.419323481008614181e+03
5.416547118766424319e+03
5.418990882232311378e+03
5.421723033003844648e+03
5.424158976052606704e+03
5.429919265754435401e+03
5.455157843313644662e+03
5.502626462308789996e+03
5.547173110875295606e+03
5.583794193412137247e+03
5.615488028139199741e+03
5.178532420816569356e+03
5.192288835463632495e+03
5.225912498295527257e+03
5.267001586220707395e+03
5.309653392017289661e+03
5.348086794755959090e+03
5.381588915891240504e+03
5.407063680775751891e+03
5.422353591029667768e+03
5.431874007095563684e+03
5.434356988784576970e+03
5.433659364596162050e+03
5.432304194645381358e+03
5.424108640574245328e+03
5.421750046454742915e+03
5.422270445634156204e+03
5.424740226158313817e+03
5.445376619802385903e+03
5.488759599637933206e+03
5.530018824380411388e+03
5.566504545645648250e+03
5.597928851121168009e+03
5.187385192265182923e+03
5.224659028566809866e+03
5.261492881312765348e+03
5.285747702964059499e+03
5.324266556206525820e+03
5.360158820152935732e+03
5.393952882507403046e+03
5.423623989086407164e+03
5.442982805609845855e+03
5.453105375173910943e+03
5.450899589150093561e+03
5.447537170350477936e+03
5.436753429515322750e+03
5.427170335110345150e+03
5.419117017069851499e+03
5.417068135836853799e+03
5.419771143689724340e+03
5.427564404685093905e+03
5.467169221661334632e+03
5.509392472214225563e+03
5.549328747452376774e+03
5.579114299021429360e+03
5.191166359082731105e+03
5.233610585180796988e+03
5.271814739105449917e+03
5.307187825910407810e+03
5.341930015570670548e+03
5.379961615337773765e+03
5.413524077190679236e+03
5.447208649710263671e+03
5.470334179003272766e+03
5.475485788776290974e+03
5.473150076080043618e+03
5.465969960491760503e+03
5.452784029589736747e+03
5.440640033380257591e+03
5.428794649603773905e+03
5.423225415079336017e+03
5.416126012045069729e+03
5.417906430427846317e+03
5.449092028901806771e+03
5.494367361977892870e+03
5.531955249875374648e+03
5.560783379309385964e+03
5.196433317099458691e+03
5.241122402350817538e+03
5.291023906255277325e+03
5.332059084278637783e+03
5.363971472715318669e+03
5.398122195645101783e+03
5.434915620959693115e+03
5.473753176314829943e+03
5.497457812991670835e+03
5.502131982321921896e+03
5.498656721095839202e+03
5.492302635886648204e+03
5.480530354493454979e+03
5.469371678293601690e+03
5.460943684665307956e+03
5.445277777929657532e+03
5.424171056981169386e+03
5.420457100437510235e+03
5.453393903009445239e+03
5.491250282245277049e+03
5.524583726427195870e+03
5.562591468065724257e+03
5.188083734140164779e+03
5.234011727490831618e+03
5.295352122166485970e+03
5.358745353498442455e+03
5.389257454582002538e+03
5.427888247200700789e+03
5.466703560511421529e+03
5.496851513221905407e+03
5.518402325893365742e+03
5.529597303329192982e+03
5.529850241740587990e+03
5.524060274347302766e+03
5.515429475180138070e+03
5.507840819585777353e+03
5.496863345623246460e+03
5.480598557152576177e+03
5.456981627709794338e+03
5.445885161860979679e+03
5.465790580085054899e+03
5.513713669108781687e+03
5.556214302619045156e+03
5.595661980416851293e+03
5.146738361142700342e+03
5.222160394714911490e+03
5.295069070557050509e+03
5.366766898777360439e+03
5.418317238132644889e+03
5.458405849100984597e+03
5.494452165730146589e+03
5.516473583354953007e+03
5.537802102059035860e+03
5.556209151620501871e+03
5.561987713787794746e+03
5.560753959220483921e+03
5.562408018133842234e+03
5.561165443679708005e+03
5.549160706474986000e+03
5.527878665277808977e+03
5.508403367313426315e+03
5.502671041996173699e+03
5.517201495658106978e+03
5.561997482551628309e+03
5.606235098163777366e+03
5.650574834341246969e+03
5.074959058175508289e+03
5.163080747414833240e+03
5.295670361140450950e+03
5.371325444422702276e+03
5.438926285275566443e+03
5.479625459410181065e+03
5.513618067281810909e+03
5.540950488781627428e+03
5.559982460368667489e+03
5.581118910833177324e+03
5.591301613479865409e+03
5.599562071040898445e+03
5.606825780097766255e+03
5.610634468124433624e+03
5.603762287638918679e+03
5.584170830797482267e+03
5.566612369518429659e+03
5.568651865597080359e+03
5.585681059079132865e+03
5.625108621047301313e+03
5.670533726236652001e+03
5.714954944848058403e+03
5.075631824444829363e+03
5.152623455214246860e+03
5.272625340969660101e+03
5.376804141789168170e+03
5.452723988041796474e+03
5.503063450437122810e+03
5.532653212821544003e+03
5.556553535903456577e+03
5.578236605856343886e+03
5.598981369145725694e+03
5.615551716176823902e+03
5.633995477994332759e+03
5.646967000349091904e+03
5.655358706970633648e+03
5.649314800179778103e+03
5.640613842351222047e+03
5.630942286115192474e+03
5.636858795795403239e+03
5.654357312714976615e+03
5.692402072541791313e+03
5.736652771680935075e+03
5.779162281273063854e+03
5.114957064197255932e+03
5.206117823058593785e+03
5.310125898947353562e+03
5.390300299624737818e+03
5.468460148114413641e+03
5.520889397653991182e+03
5.544828421833177345e+03
5.564201116608203847e+03
5.593188157439351926e+03
5.617479145027764389e+03
5.639436259123952368e+03
5.660774808206412672e+03
5.676861090111567137e+03
5.689957070955718336e+03
5.692173945368458590e+03
5.690387210167516969e+03
5.689872381779146963e+03
5.700699705902535243e+03
5.715552096839488513e+03
5.753523795615424206e+03
5.793184991385595822e+03
5.826669667149780253e+03
5.183792093460125216e+03
5.278795779021610542e+03
5.363372821191992443e+03
5.420835707446457491e+03
5.487693797033272858e+03
5.527974788753774192e+03
5.546565720914283702e+03
5.579434529905509407e+03
5.607531954214119651e+03
5.636619550366090152e+03
5.660573207174189520e+03
5.680890278772573765e+03
5.699772542586705640e+03
5.715906283077970329e+03
5.730001438554420019e+03
5.735885817531703651e+03
5.743596928339608894e+03
5.754224241029603036e+03
5.768372453726508866e+03
5.796155872793448907e+03
5.836434918524466411e+03
5.866935553573242032e+03
5.255740858341486273e+03
5.347814603744354827e+03
5.407201785229676716e+03
5.461897813910090008e+03
5.511553379688274617e+03
5.545390375324338493e+03
5.571787323781642044e+03
5.603176280126395795e+03
5.628089625692574373e+03
5.655890783187279339e+03
5.681077507305030849e+03
5.705126578464400154e+03
5.723613890863121014e+03
5.740647216309719624e+03
5.757845499521912643e+03
5.773765012476192169e+03
5.785736112274004881e+03
5.795333073611894179e+03
5.805220242767047239e+03
5.824433886313458061e+03
5.858351288178120740e+03
5.888144826545806609e+03
5.313130042097085607e+03
5.396469414253499963e+03
5.452809209070747784e+03
5.487579304510922157e+03
5.529438891833292473e+03
5.564403628396570639e+03
5.594102033573466542e+03
5.623395668957574344e+03
5.651642566547259776e+03
5.676564238877431308e+03
5.701515318031654715e+03
5.725109235176317270e+03
5.743768104969043634e+03
5.762931692206859225e+03
5.782613725214790975e+03
5.798938657647643595e+03
5.812452106195672059e+03
5.820639599053181882e+03
5.830738113688555131e+03
5.843453636861198902e+03
5.864542146833266997e+03
5.905518347754747992e+03
5.310364651817029880e+03
5.393737734145561262e+03
5.474478669246427671e+03
5.492311274305833649e+03
5.543374040623979454e+03
5.590837175793799361e+03
5.619897321209653455e+03
5.646582162030932523e+03
5.671464071046940262e+03
5.695746115009877940e+03
5.719253700937506437e+03
5.740296719625188416e+03
5.760188961072647544e+03
5.777279663320856343e+03
5.796807487009977194e+03
5.817173196314198321e+03
5.834245026960586074e+03
5.844212236027296058e+03
5.852812848355424649e+03
5.863707727576631441e+03
5.876244288562099428e+03
nan
5.291665790742724312e+03
5.378224552240814774e+03
5.455496002747605417e+03
5.517064592599715070e+03
5.569268035378100649e+03
5.616338206327048283e+03
5.642544879661122650e+03
5.666522460329070782e+03
5.689847033782687504e+03
5.712304947291006101e+03
5.733879034970729663e+03
5.753443280667013823e+03
5.772842201316731007e+03
5.790412530410646468e+03
5.808425140753405685e+03
5.827907290441943587e+03
5.845746569461033687e+03
5.860215026951283107e+03
5.869793010924594455e+03
5.876488705471874709e+03
5.886205939834228957e+03
nan
5.310715890011926604e+03
5.393258399957157962e+03
5.479137013550697702e+03
5.543612419692928597e+03
5.592964965941817354e+03
5.632118268002380319e+03
5.659815884124276636e+03
5.684356011820043022e+03
5.705077228014032698e+03
5.724890414178853462e+03
5.746235952131178237e+03
5.763578002956423006e+03
5.782713213977193845e+03
5.801864739384737732e+03
5.819502690468513720e+03
5.834413450605637991e+03
5.850780625817829787e+03
5.867255778139360700e+03
5.875771636051403220e+03
5.885659432456272043e+03
5.894126033457049743e+03
nan
5.334731099922857538e+03
5.422968487109936177e+03
5.504567602522215566e+03
5.561154578741891783e+03
5.603728189592203307e+03
5.639569408667329299e+03
5.667661027511065186e+03
5.693124981820430548e+03
5.714518428147002851e+03
5.734331455800086587e+03
5.754637643003521589e+03
5.772909130590887798e+03
5.791777702354925168e+03
5.808801915541116614e+03
5.825449892444842590e+03
5.839458897092409643e+03
5.852241947003003588e+03
5.864690902731354072e+03
5.875337022214981516e+03
nan
nan
nan
5.359274580651529504e+03
5.451767686986459012e+03
5.521312298221256242e+03
5.569001348355420305e+03
5.608771809222887896e+03
5.643123534128737447e+03
5.671154252785157041e+03
5.697922917297115418e+03
5.721715201592091034e+03
5.741235704471827376e+03
5.761999122813672329e+03
5.781634287297972151e+03
5.800984087893244578e+03
5.815065302206680826e+03
5.828450435897633724e+03
5.842686111798924685e+03
5.854991939530059426e+03
5.865539788845756448e+03
5.874714750572197772e+03
5.874431543904460341e+03
nan
nan
5.397292040304918373e+03
5.483111430559599285e+03
5.532336114569948222e+03
5.574384814090281907e+03
5.612721048835023794e+03
5.643331182933113269e+03
5.670613020212315860e+03
5.695901897570221081e+03
5.723414570887793161e+03
5.746489372557251045e+03
5.769538632998439425e+03
5.789605811341286426e+03
5.810230240824185785e+03
5.821823819739458486e+03
5.834135795425837387e+03
5.847223184759063770e+03
5.860015631065773960e+03
5.869565056210490184e+03
5.875695313509949301e+03
5.879224484387626944e+03
5.881016519716125003e+03
nan
5.433492031662019144e+03
5.497911268445664064e+03
5.543472963802505546e+03
5.582285644308178234e+03
5.612903455270863560e+03
5.639919615305995649e+03
5.668321311788463390e+03
5.693192375779595750e+03
5.722145711475252028e+03
5.749641712133532565e+03
5.777094722258707407e+03
5.798972177692445257e+03
5.816719897635380221e+03
5.830201060514814344e+03
5.839958346785428148e+03
5.854374594301142679e+03
5.868351207465650987e+03
5.876575157152811698e+03
5.882811359071939478e+03
5.886023653543154978e+03
5.886403033126462105e+03
5.889863566110132524e+03
5.463755017850437071e+03
5.507371031998549370e+03
5.549518453327310453e+03
5.584508160938758010e+03
5.607400459734122705e+03
5.630412033329779661e+03
5.659095779447174209e+03
5.687399650618562191e+03
5.717748556609707521e+03
5.749738223782653222e+03
5.781897330811280881e+03
5.807345709623394214e+03
5.825272346861882397e+03
5.837871689058880293e+03
5.847141985210144412e+03
5.865843150680002509e+03
5.877654961797560645e+03
5.884861048003617725e+03
5.889077523309126263e+03
5.891670234271131449e+03
5.892031268946641831e+03
5.893022718659278326e+03
