4.812755827768341987e+00
2.145246357432461082e+01
3.040751251091842278e+01
4.807269438393086602e+01
5.518872840204858221e+01
5.909313022375226865e+01
6.527766160092232894e+01
6.910763996941386722e+01
6.739062480659049470e+01
6.191356131043721689e+01
5.748838794558196241e+01
6.049536072988848900e+01
6.829929446021742478e+01
8.119273764806530380e+01
1.014233832158870428e+02
1.171902144453606525e+02
1.272320291807618560e+02
1.358285973001384264e+02
1.459251414857517375e+02
1.339757439187333148e+02
nan
nan
-1.213660059642188571e+01
-6.558163643027910439e+00
-2.486877635583368829e+00
9.706014723744374351e+00
2.189802600117036491e+01
3.560538582314256928e+01
4.235606068941069680e+01
5.144589409302534477e+01
5.728453009815439145e+01
4.991046420232942182e+01
4.626787258387685142e+01
4.839904885353917052e+01
5.397540381987073488e+01
6.491074207181281963e+01
7.600766459352234961e+01
9.029902622076679108e+01
1.109344183099383372e+02
1.193819183845935186e+02
1.181685981196178545e+02
1.213120322746326565e+02
1.299676140407182174e+02
1.332672127985988482e+02
-3.898669146358224680e+01
-3.823687740870354901e+01
-4.287703314255213627e+01
-2.670633501412066835e+01
-1.089115484844660386e+01
4.884887148026791692e+00
1.671517745834353263e+01
3.189515684440902987e+01
3.616679706558261387e+01
2.949927065918018343e+01
2.879794397790101357e+01
2.871212885763998202e+01
3.083639196351123246e+01
3.680816219024382008e+01
4.714007187537663413e+01
6.077061276788845134e+01
8.082184071086248878e+01
9.380042539938494883e+01
9.983443399529733142e+01
1.078517043130359525e+02
1.154004334765631938e+02
1.268938129636717349e+02
-5.543542006817369838e+01
-5.871135126679291716e+01
-5.489575464561676199e+01
-4.564309369675447670e+01
-3.112041403711828025e+01
-1.433343520561084006e+01
-3.460685560108686332e+00
2.309841437362592842e+00
-2.756183616608723241e+00
-2.172737252682964026e+00
-7.486623681511446193e+00
-8.713088114837773901e+00
-1.867117293678347778e+00
-1.816954524716493324e+00
8.374260465447150636e+00
2.206658884486660099e+01
3.112708716298766376e+01
4.931736817318505928e+01
7.004394584567762649e+01
8.872513754444844380e+01
9.999030646364190034e+01
1.126442580577686385e+02
-6.417516998745941237e+01
-6.801224125916724006e+01
-6.372405166196767823e+01
-5.610908194538205862e+01
-3.693828604991722386e+01
-1.950693075191429671e+01
-1.110919539132191858e+01
-1.396723715645657649e+01
-3.170128969226061599e+01
-3.711529941367371066e+01
-4.071046709609163372e+01
-4.336595724243670702e+01
-3.992477721581963124e+01
-3.286597458086089318e+01
-2.703181189458700828e+01
-1.842955145963605901e+01
-1.409604743728414178e+01
1.340289861186101916e+01
4.463009055011571036e+01
6.857865098418642447e+01
8.541149699752349989e+01
9.480576961982387729e+01
-7.489991081824973662e+01
-7.051758448106738797e+01
-6.429564564268457616e+01
-5.468622862910433469e+01
-3.424999672521698812e+01
-2.105805508887806354e+01
-1.486074101095618971e+01
-2.038473112524116004e+01
-3.552857375624535052e+01
-4.427948341572027857e+01
-4.859730252344070323e+01
-5.397851717396679305e+01
-5.384617095858993707e+01
-4.663409932486138132e+01
-4.180813248949743866e+01
-3.729453497822760255e+01
-3.488195848302621016e+01
-1.925404836294819688e+01
1.516318617363049270e+01
5.002406210814297083e+01
7.781098526338064403e+01
8.262389074400743993e+01
-8.435476202427707904e+01
-7.701300294017528358e+01
-6.726722665784927813e+01
-5.600447302511474845e+01
-3.725782834009987710e+01
-2.136349739587967633e+01
-1.727605661586039787e+01
-2.126854701163119898e+01
-3.405375135046051582e+01
-4.058303293263088563e+01
-4.559069624125004339e+01
-4.737282496628813533e+01
-4.883095976166532637e+01
-5.051309080266128149e+01
-4.966289271196455957e+01
-5.094483654249961546e+01
-4.846587543659916264e+01
-3.787837251550536166e+01
1.976581471195459017e+00
3.715402527572678082e+01
6.523729751883183781e+01
8.170368299905021559e+01
-8.999450521489870880e+01
-8.252349115849665395e+01
-7.014958751888389088e+01
-6.147148836416727136e+01
-4.219647782652918977e+01
-2.491679388149532315e+01
-1.867960687887625681e+01
-2.066448604320794402e+01
-2.427395346228513517e+01
-2.751321923971318029e+01
-2.863769154204692313e+01
-3.104111882222878194e+01
-3.816630686110966053e+01
-4.278745761897971533e+01
-4.678584806836261123e+01
-5.073130812982526550e+01
-5.283158081434339692e+01
-3.760869915729745117e+01
4.720408027424127795e-03
3.328193914071835025e+01
5.390708883689421782e+01
6.779916774111916311e+01
-6.459208996190136531e+01
-7.706757211012245534e+01
-7.144007347311071499e+01
-5.960965998395658971e+01
-4.883980103713201970e+01
-3.837234049136986869e+01
-2.797156478130818869e+01
-2.124256705717289151e+01
-1.916183533502498904e+01
-1.934844787320253090e+01
-2.298885406162298750e+01
-2.661324124520160694e+01
-3.154095368303660507e+01
-4.527122517709176464e+01
-5.277353123680586577e+01
-5.753757729416247457e+01
-6.293911194341762894e+01
-5.057925252953282325e+01
-1.624848992015540716e+01
1.308432014583831915e+01
3.537254792675412318e+01
4.769380064688721177e+01
-5.516179657772045175e+01
-4.504987058682036150e+01
-4.036141683443656802e+01
-5.068815359721884306e+01
-4.874774890903609048e+01
-4.042442373577887338e+01
-3.022582880201025546e+01
-1.944159915229283797e+01
-1.255127487734080205e+01
-1.345521433959038404e+01
-1.968353404481786129e+01
-2.609922030209236254e+01
-4.022158240305634536e+01
-5.310699288807336416e+01
-6.470365645552556089e+01
-7.299790323999513930e+01
-7.724449612524858821e+01
-7.614443925384148315e+01
-4.446158941696012334e+01
-1.600966595656791469e+01
7.383368432258976100e+00
1.809430494949174317e+01
-5.072913795994281827e+01
-4.183670253665968630e+01
-3.742692420537514408e+01
-4.124368364581005153e+01
-4.462727512360561377e+01
-3.715257267658398632e+01
-2.899717175475598196e+01
-1.430510443876119098e+01
-4.896576214012384298e+00
-8.767334924840724852e+00
-1.640726388156053872e+01
-2.652351807715331233e+01
-4.179768152857650421e+01
-5.639349927564489917e+01
-7.156335860730996501e+01
-8.310601630262135586e+01
-9.631118166657415713e+01
-1.031473988189427473e+02
-8.036647941780393012e+01
-4.905843825297597505e+01
-2.784782041595371993e+01
-1.889530939182350266e+01
-5.416769331783143571e+01
-4.080971119095192989e+01
-2.921483003186403948e+01
-3.052929601360210654e+01
-3.668417651672916691e+01
-3.455691951384960703e+01
-2.618204481377597403e+01
-8.906368898536129564e+00
7.926950269747976563e-01
-2.956514948429685319e+00
-1.143524649590744957e+01
-2.106485934818283567e+01
-3.685135786370847200e+01
-5.207562457136191370e+01
-6.509482624474185286e+01
-8.476555894715147588e+01
-1.134337961785922744e+02
-1.257631931066343896e+02
-1.035094448061108778e+02
-7.918019119910968584e+01
-5.973739306663355819e+01
-3.978347342017332267e+01
-7.228374347436329117e+01
-5.425028627713982132e+01
-3.388951124365667056e+01
-1.874407468054505443e+01
-2.518739198192815820e+01
-2.325656821718985157e+01
-1.804567143130952900e+01
-9.553480825522456144e+00
-3.499756276542029809e-01
2.004459318105546117e+00
-3.694192616604595969e+00
-1.362028519418163341e+01
-2.753974831628511311e+01
-3.943002711172539421e+01
-5.536963833757999964e+01
-7.875413757613114285e+01
-1.098734499057518406e+02
-1.294229516301838885e+02
-1.202096984320151023e+02
-8.541658637388081843e+01
-5.627929855556794791e+01
-3.303567129213115550e+01
-1.200689257529920724e+02
-7.305843659690435743e+01
-4.579100811874741339e+01
-2.457426622903130919e+01
-1.556735420111635904e+01
-1.536483915593089478e+01
-1.281250067570817919e+01
-1.066017440451196308e+01
-1.797014057556225453e+00
5.681644859216248733e+00
3.908281833904766245e+00
-3.525735825565789128e+00
-7.464047639554337366e+00
-1.375414359410478937e+01
-3.149559463851073815e+01
-6.104288980808541965e+01
-8.891007474897833163e+01
-1.035252470888799508e+02
-9.914457957581544179e+01
-6.627086169915219216e+01
-3.392388829907031322e+01
-5.743492120086557406e+00
-1.973705479255431783e+02
-1.443514938300577342e+02
-6.054903803603883716e+01
-3.583172997057317843e+01
-1.481497378634048800e+01
-1.524194426982285222e+01
-1.314299576555913518e+01
-9.499942377848128672e+00
-3.021121906330336060e+00
5.550486308059589646e+00
8.671351270620107243e+00
9.478464994906062202e+00
1.078731255989623605e+01
7.848205244395103364e+00
-6.282675147467671195e+00
-3.362864998723307508e+01
-5.969407514024624106e+01
-6.677715234553124901e+01
-5.907111835191335558e+01
-3.014078408838577161e+01
2.019361304106496391e+00
2.983530533641624061e+01
-2.082308062032298039e+02
-1.703023764619274516e+02
-9.891595176112423360e+01
-4.854316768197259080e+01
-2.205384381786643644e+01
-1.563369760660407337e+01
-1.584514117873368377e+01
-1.623234388568016584e+01
-1.096055596572296054e+01
-1.362277835842178320e-01
7.633507663973432500e+00
1.682613715562820289e+01
2.331104950427652511e+01
2.488133026369541767e+01
1.145324716316736158e+01
-5.463700687032542191e+00
-2.404505926866386289e+01
-2.681150507008260320e+01
-1.755329908127350791e+01
1.101936897829546069e+01
4.214090422667140956e+01
7.203315287581426674e+01
-1.849733297896309523e+02
-1.354787573675812382e+02
-8.556889076767129154e+01
-5.781994577260047663e+01
-3.132754007984385680e+01
-1.989685795795594458e+01
-2.541251378252582072e+01
-3.115729698752602417e+01
-2.005181166623060562e+01
-5.828292085066095751e+00
4.957105323473115277e+00
1.746230645604191523e+01
2.568358311435076757e+01
3.249934249781290418e+01
2.722408513219579618e+01
1.742293744734161010e+01
8.428387393326374877e+00
1.052560481574437290e+01
1.839118909598437313e+01
4.765033733028758434e+01
7.787338032186380588e+01
1.000850251865167593e+02
-1.357502520827829358e+02
-9.233556555837458291e+01
-5.834200986246560205e+01
-5.382188530865641951e+01
-3.624148644906654226e+01
-3.388439416499750223e+01
-4.616344357875004789e+01
-3.893390792271202372e+01
-2.707614752451991080e+01
-9.836244219015497947e+00
3.523039338164380752e+00
1.439033397555249394e+01
2.425431096337888448e+01
3.297351662408345874e+01
3.852365489149269706e+01
3.637908878052894579e+01
3.650136084559835581e+01
4.048673201987912762e+01
4.727177705593931023e+01
6.767936780852505763e+01
1.018453502761540221e+02
1.224612629933426433e+02
-9.490133481698558171e+01
-5.104359364487027051e+01
-4.373584458630466543e+01
-3.913979643985840084e+01
-3.489625643564522761e+01
-3.761463599402486579e+01
-4.000847237265315925e+01
-3.105450995519186108e+01
-2.375980034754957160e+01
-9.469157204899602220e+00
3.627783152241136122e+00
1.493757382496369246e+01
2.267795352452776569e+01
3.167441924548893439e+01
4.072511617449890764e+01
4.922249568602910585e+01
5.406481317146244692e+01
5.780342075512180600e+01
6.225946938176548429e+01
7.636206561618382693e+01
1.051257480190406568e+02
1.266613419932882607e+02
-6.731025264806157793e+01
-3.018512018177534628e+01
-2.370998434350531170e+01
-3.391904295827680471e+01
-3.496940291292776237e+01
-3.390223666334986774e+01
-2.992686490951382439e+01
-2.216028497303523181e+01
-1.322844900114159827e+01
-3.658362843694703770e+00
6.565784263752902916e+00
1.601434751302349468e+01
2.363494229359366727e+01
3.368215644135125331e+01
4.507906453617124498e+01
5.429825525014621235e+01
6.121313982954598032e+01
6.438765503939248447e+01
6.952354593816653505e+01
7.711055562364890648e+01
9.261490579596556927e+01
1.280106488836809149e+02
-9.773035915497257520e+01
-5.684286715842063131e+01
-2.190862473923971265e+01
-4.463782561442167207e+01
-3.281296673984525114e+01
-2.007183798654114071e+01
-1.451563079708103032e+01
-8.613481439651877736e+00
-3.023688032776590262e+00
4.013197869395298767e+00
1.103381965435983147e+01
1.744870624633949774e+01
2.543231844990896207e+01
3.269922623010552343e+01
4.320644689392247528e+01
5.407854346083058772e+01
6.307166925768797228e+01
6.669996543075922091e+01
6.913359280208169366e+01
7.477632820126018487e+01
8.486620345178289426e+01
nan
-1.394746911802749310e+02
-9.228902583441504248e+01
-5.625286498144578218e+01
-3.296876212892857438e+01
-1.710950731459433882e+01
-3.941691202653601067e+00
4.137442293513231562e-01
3.511641682175650203e+00
6.885011066686274717e+00
1.122622522750225471e+01
1.632157329196252249e+01
2.084897708764674462e+01
2.717556056185730995e+01
3.295533787725707953e+01
3.915186453274691303e+01
4.792231271818673122e+01
5.613811859043835284e+01
6.248039204475207953e+01
6.559114348616185453e+01
6.831686139565499616e+01
7.488076121581707412e+01
nan
-1.399977661611619624e+02
-9.166275683100775495e+01
-4.516210457064335060e+01
-1.714397501742041641e+01
-3.504335547751907143e+00
7.300849315275627305e+00
1.180747952904675913e+01
1.479016822249923280e+01
1.553717061944371380e+01
1.749101770221113838e+01
2.103609555434832146e+01
2.347124551543856796e+01
2.635018734771620075e+01
3.066807665932810778e+01
3.518683129143937549e+01
3.936451145158025611e+01
4.591433803635482036e+01
5.326884012098980747e+01
5.523015140771531151e+01
5.992605478273071640e+01
6.454478977629787551e+01
nan
-1.299202505951998319e+02
-7.440406689615429059e+01
-3.018975482365203789e+01
-6.898304774505959358e+00
3.025840289514235337e+00
1.211984227588891372e+01
1.662832941252145247e+01
2.025304947013501078e+01
2.093793770148295152e+01
2.282519553353631636e+01
2.491126843478014052e+01
2.577566837624272011e+01
2.621885393978391221e+01
2.613422114800869167e+01
2.807897688884077070e+01
3.083833558758124127e+01
3.369864539058107766e+01
3.761239356108762877e+01
4.247838135391430114e+01
nan
nan
nan
-1.169565909742887015e+02
-5.424677735218938324e+01
-1.914223928936735319e+01
-3.141372519355172699e+00
5.686064952378728776e+00
1.289453385664000962e+01
1.765309167296891246e+01
2.329115478188214183e+01
2.538114483309800562e+01
2.678146314175228326e+01
2.797833597062071931e+01
2.765958377647166344e+01
2.637794189093983732e+01
2.271139966512146202e+01
2.171869623040856823e+01
2.414835925964598573e+01
2.626733626826899126e+01
2.856268379070297669e+01
3.184157208029591857e+01
2.570746980472631549e+01
nan
nan
-8.703562139710356860e+01
-3.026438733923259861e+01
-1.142075056527482957e+01
3.640374094866274390e-01
7.481149046619975707e+00
1.103916591992401663e+01
1.549546273568648758e+01
2.130066752259608620e+01
2.688301314509681106e+01
2.975372362993130082e+01
3.091879725066792162e+01
2.899522835999414383e+01
2.717204675708489958e+01
2.030915072748757666e+01
1.774940764402799687e+01
1.991573920290193200e+01
2.250918448032098240e+01
2.436394349473721377e+01
2.391651048567291582e+01
2.116526054448877403e+01
1.914444388272659126e+01
nan
-5.700443774985524215e+01
-1.780418544445365114e+01
-1.484733536632120376e+00
7.184126132138771936e+00
7.015838426917980541e+00
9.753197442624696123e+00
1.401662087079694174e+01
1.947659046638091240e+01
2.683502683894676011e+01
3.201375931863185542e+01
3.471290919693092292e+01
3.259966095166146260e+01
2.768997532656976546e+01
2.014620023353290890e+01
1.640259848851746938e+01
1.939553983203222742e+01
2.322902243564476521e+01
2.453415914768629591e+01
2.486573500499252987e+01
2.335249459626447788e+01
2.022291261742975621e+01
1.870383694001338881e+01
-2.746998225268362148e+01
-1.015156281297640817e+01
3.761092872206063475e+00
1.136236979341538245e+01
6.095522352854459314e+00
2.675916301771394501e+00
6.198093470718049502e+00
1.519842905388486543e+01
2.407064578649715259e+01
3.256520516592445347e+01
3.745752645044285600e+01
3.674854652407793765e+01
3.014018564740945294e+01
2.273487328891678771e+01
1.643610335748689977e+01
2.414987768178525585e+01
2.729984877675997268e+01
2.794194334047824668e+01
2.684484602986140089e+01
2.530915858209027647e+01
2.196626356888009468e+01
1.997041718863783899e+01
